20110202  180914.915
 
TOMS451_PRB
  FORTRAN77 version
  Test the TOMS451 library.
 
  Compute values of the Chi-square quantile,
    CHISQD ( P, N )
 
  We print out a table using both CHISQD
  and the values printed in the writeup.
 
           0.999500      0.995000      0.500000      0.001000      0.000100
 
    1      0.000000      0.000039      0.454936     10.827565     15.136707
    1      0.000000      0.000039      0.454933     10.827576     15.135827
    2      0.001000      0.010025      1.386294     13.815511     18.420681
    2      0.001000      0.010025      1.386293     13.815512     18.420670
    3      0.015313      0.071641      2.365390     16.269005     21.106068
    3      0.015312      0.071641      2.365390     16.268982     21.106873
    4      0.063959      0.206904      3.356400     18.468008     23.509207
    4      0.063955      0.206904      3.356400     18.467987     23.510040
    5      0.158176      0.411690      4.351294     20.515549     25.743729
    5      0.158168      0.411690      4.351295     20.515503     25.744583
   10      1.264977      2.155873      9.341793     29.589115     35.564262
   10      1.264941      2.155869      9.341794     39.589081     35.565170
   15      3.107936      4.601000     14.338851     37.697678     44.266891
   15      3.107881      4.601008     14.338853     37.697662     44.267853
   20      5.398283      7.433881     19.337423     45.314938     52.386230
   20      5.398208      7.433892     19.337418     45.314896     52.387360
   50     23.461065     27.990749     49.334942     86.660881     95.968155
   50     23.460876     27.990784     49.334930     86.660767     95.969482
  100     59.895790     67.327560     99.334129    149.449326    161.317841
  100     59.895508     67.327621     99.334122    149.449051    161.319733
 
TOMS451_PRB
  Normal end of execution.
 
20110202  180914.930
