20060112  063700.000
 
TOMS379_PRB
  Test TOMS algorithm 379, automatic
  numerical integration.
 
 
TEST01
  Test SQUANK,
  for adaptive Simpson quadrature.
 
  Error tolerance ERROR =   0.100000E-02
 
            NO      SQUANK          EXACT           ERROR       RUM
 
   1        53    0.663511        0.666667        0.32E-02    0.10E-02
   2        25    0.474433        0.479428        0.50E-02    0.60E-02
   3        25     1.58610         1.58223        0.39E-02    0.50E-02
   4        25    0.398370        0.400000        0.16E-02    0.27E-02
   5        25    0.868126        0.866973        0.12E-02    0.21E-02
   6        81     1.15483         1.15470        0.13E-03    0.10E-02
   7        25    0.777996        0.777505        0.49E-03    0.15E-02
   8        57    0.809739E-01    0.909865E-02    0.72E-01    0.82    
   9        45    0.498892        0.499364        0.47E-03    0.13E-01
  10        45    0.906836        0.838676        0.68E-01    0.10E-02
  11        77   -0.980779        -1.00000        0.19E-01    0.17E-01
  12       201   -0.634697       -0.634665        0.32E-04    0.46E-02
  13        29    0.898064E-02    0.134925E-01    0.45E-02    0.10E-02
 
  Error tolerance ERROR =   0.100000E-04
 
            NO      SQUANK          EXACT           ERROR       RUM
 
   1       105    0.666661        0.666667        0.62E-05    0.16E-04
   2        25    0.474433        0.479428        0.50E-02    0.50E-02
   3        41     1.58622         1.58223        0.40E-02    0.40E-02
   4        33    0.398318        0.400000        0.17E-02    0.17E-02
   5        29    0.868122        0.866973        0.11E-02    0.12E-02
   6       209     1.15470         1.15470        0.54E-06    0.10E-04
   7        25    0.777996        0.777505        0.49E-03    0.50E-03
   8        77    0.809742E-01    0.909865E-02    0.72E-01    0.82    
   9       165    0.498808        0.499364        0.56E-03    0.12E-01
  10       169    0.840633        0.838676        0.20E-02    0.20E-02
  11        93   -0.980776        -1.00000        0.19E-01    0.16E-01
  12       657   -0.634688       -0.634665        0.23E-04    0.41E-02
  13        49    0.139804E-01    0.134925E-01    0.49E-03    0.51E-02
 
  Error tolerance ERROR =   0.100000E-06
 
            NO      SQUANK          EXACT           ERROR       RUM
 
   1       221    0.666661        0.666667        0.60E-05    0.61E-05
   2        37    0.474432        0.479428        0.50E-02    0.50E-02
   3       113     1.58622         1.58223        0.40E-02    0.40E-02
   4        61    0.398317        0.400000        0.17E-02    0.17E-02
   5        61    0.868122        0.866973        0.11E-02    0.11E-02
   6       705     1.15470         1.15470        0.13E-06    0.26E-06
   7        25    0.777996        0.777505        0.49E-03    0.49E-03
   8       117    0.809742E-01    0.909865E-02    0.72E-01    0.82    
   9       377    0.498807        0.499364        0.56E-03    0.12E-01
  10       485    0.840633        0.838676        0.20E-02    0.20E-02
  11       169   -0.980776        -1.00000        0.19E-01    0.16E-01
  12      1861   -0.634688       -0.634665        0.23E-04    0.41E-02
  13       189    0.139753E-01    0.134925E-01    0.48E-03    0.51E-02
 
TOMS379_PRB
  Normal end of execution.
 
20060112  063700.000
