Torsion problem, Case 3
15 0 0
1  0.2500  0.9682
2  0.4937  0.8697
3  0.7032  0.7110
4  0.8642  0.5032
5  0.9655  0.2606
6  1.0000  0.0000
7  1.6000  0.0000
8  2.2000  0.0000
9  2.8000  0.0000
10 3.4000  0.0000
11 4.0000  0.0000
12 3.7280  1.0060
13 2.9870  1.7390
14 1.9780  2.0000
15 0.9748  1.7170
1  1  0.0000 -0.8696     -0.1314
2  1  0.0000  0.1314     -0.1314
3  1  0.0000  0.1314     -0.1314
4  1  0.0000  0.1314     -0.1314
5  1  0.0000  0.1314     -0.1314
6  3  0.0000  0.1314      0.0000
7  5  0.0000  0.0000      0.0000
8  5  0.0000  0.0000      0.0000
9  5  0.0000  0.0000      0.0000
10 5  0.0000  0.0000      0.0000
11 2  0.0000  0.0000     -1.0420
12 1  0.0000  1.3709E-06 -1.9430
13 1  0.0000 -0.9008     -2.4580
14 1  0.0000 -1.415      -2.4460
15 1  0.0000 -1.404      -1.9120

