Torsion problem, Case 1
20 11 16
1.25  0.0
1.50  0.0
1.75  0.0
2.00  0.0
2.25  0.0
2.50  0.0
2.75  0.0
3.00  0.0
3.25  0.0
3.50  0.0
3.75  0.0
1  0.2500  0.9682
2  0.4937  0.8697
3  0.7032  0.7110
4  0.8642  0.5032
5  0.9655  0.2606
6  1.0000  0.0000
7  0.9655 -0.2606
8  0.8642 -0.5032
9  0.7032 -0.7110
10 0.4937 -0.8697
11 0.2500 -0.9682
12 0.9748 -1.7170
13 1.9780 -2.0000
14 2.9870 -1.7390
15 3.7280 -1.0060
16 4.0000 -2.3842E-07
17 3.7280  1.0060
18 2.9870  1.7390
19 1.9780  2.0000
20 0.9748  1.7170
1  1  0.0000 -0.8696    -0.1314
2  1  0.0000  0.1314    -0.1314
3  1  0.0000  0.1314    -0.1314
4  1  0.0000  0.1314    -0.1314
5  1  0.0000  0.1314    -0.1314
6  1  0.0000  0.1314    -0.1314
7  1  0.0000  0.1314    -0.1314
8  1  0.0000  0.1314    -0.1314
9  1  0.0000  0.1314    -0.1314
10 1  0.0000  0.1314    -0.1314
11 1  0.0000  0.1314     0.8696
12 1  0.0000  1.912      1.404
13 1  0.0000  2.446      1.415
14 1  0.0000  2.458      0.9008
15 1  0.0000  1.943      2.980E-07
16 1  0.0000  1.042     -1.042
17 1  0.0000 -5.364E-07 -1.943
18 1  0.0000 -0.9008    -2.458
19 1  0.0000 -1.415     -2.446
20 1  0.0000 -1.404     -1.912
