



               TESTING THE FUNCTION ABRAM0

     ARGUMENT             ABS. ERROR             REL. ERROR
       0.0020            0.11102D-15            0.12706D-15
       0.0078            0.11102D-15            0.13104D-15
       0.0313            0.22204D-15            0.28729D-15
       0.1250            0.00000D+00            0.00000D+00
       0.5000            0.55511D-16            0.18583D-15
       1.0000            0.55511D-16            0.36996D-15
       1.2500            0.55511D-16            0.49944D-15
       1.5000            0.11102D-15            0.13231D-14
       1.8750            0.83267D-16            0.14724D-14
       2.0000            0.48572D-16            0.97385D-15
       2.1250            0.69389D-17            0.15734D-15
       3.0000            0.34694D-17            0.17577D-15
       4.0000            0.52042D-17            0.60378D-15
       5.0000            0.86736D-18            0.21563D-15
       6.0000            0.86736D-18            0.43987D-15
       7.0000            0.43368D-18            0.43170D-15
      10.0000            0.54210D-19            0.34470D-15
      15.0000            0.33881D-20            0.32727D-15
      20.0000            0.21176D-20            0.23212D-14
      40.0000            0.25849D-24            0.10086D-14




               TESTING THE FUNCTION ABRAM1

     ARGUMENT             ABS. ERROR             REL. ERROR
       0.0020            0.11102D-15            0.22281D-15
       0.0078            0.16653D-15            0.33763D-15
       0.0313            0.55511D-16            0.11703D-15
       0.1250            0.55511D-16            0.13508D-15
       0.5000            0.55511D-16            0.21926D-15
       1.0000            0.13878D-15            0.94688D-15
       1.2500            0.00000D+00            0.00000D+00
       1.5000            0.69389D-16            0.77076D-15
       1.8750            0.12490D-15            0.19489D-14
       2.0000            0.69389D-17            0.12079D-15
       2.1250            0.13878D-16            0.26905D-15
       3.0000            0.13878D-16            0.54932D-15
       4.0000            0.86736D-17            0.72699D-15
       5.0000            0.34694D-17            0.58536D-15
       6.0000            0.00000D+00            0.00000D+00
       7.0000            0.21684D-18            0.13297D-15
      10.0000            0.54210D-19            0.19107D-15
      15.0000            0.23717D-19            0.11228D-14
      20.0000            0.46587D-20            0.22899D-14
      40.0000            0.41359D-24            0.58157D-15




               TESTING THE FUNCTION ABRAM2

     ARGUMENT             ABS. ERROR             REL. ERROR
       0.0020            0.11102D-15            0.25110D-15
       0.0078            0.11102D-15            0.25276D-15
       0.0313            0.00000D+00            0.00000D+00
       0.1250            0.22204D-15            0.57446D-15
       0.5000            0.55511D-16            0.20917D-15
       1.0000            0.16653D-15            0.98840D-15
       1.2500            0.19429D-15            0.14276D-14
       1.5000            0.19429D-15            0.17550D-14
       1.8750            0.97145D-16            0.11829D-14
       2.0000            0.18041D-15            0.24204D-14
       2.1250            0.13878D-16            0.20489D-15
       3.0000            0.69389D-17            0.19468D-15
       4.0000            0.00000D+00            0.00000D+00
       5.0000            0.52042D-17            0.55329D-15
       6.0000            0.00000D+00            0.00000D+00
       7.0000            0.13010D-17            0.46219D-15
      10.0000            0.00000D+00            0.00000D+00
      15.0000            0.33881D-19            0.75591D-15
      20.0000            0.11011D-19            0.23483D-14
      40.0000            0.53767D-23            0.26668D-14




               TESTING THE FUNCTION AIRINT

     ARGUMENT             ABS. ERROR             REL. ERROR
     -12.0000            0.00000D+00            0.00000D+00
     -11.0000            0.00000D+00            0.00000D+00
     -10.0000            0.00000D+00            0.00000D+00
      -9.5000            0.11102D-15            0.17033D-15
      -9.0000            0.11102D-15            0.19867D-15
      -6.5000            0.00000D+00            0.00000D+00
      -4.0000            0.00000D+00            0.00000D+00
      -1.0000            0.55511D-16            0.11921D-15
      -0.2500            0.00000D+00            0.00000D+00
      -0.0010            0.00000D+00            0.00000D+00
       0.0010            0.00000D+00            0.00000D+00
       0.0078            0.43368D-18            0.15680D-15
       0.5000            0.27756D-16            0.19017D-15
       1.0000            0.00000D+00            0.00000D+00
       4.0000            0.55511D-16            0.16675D-15
       4.5000            0.55511D-16            0.16661D-15
       6.0000            0.55511D-16            0.16654D-15
       8.0000            0.00000D+00            0.00000D+00
      10.0000            0.55511D-16            0.16653D-15
      12.0000            0.00000D+00            0.00000D+00




               TESTING THE FUNCTION AIRYGI

     ARGUMENT             ABS. ERROR             REL. ERROR
      -0.0020            0.55511D-16            0.27121D-15
      -0.1250            0.00000D+00            0.00000D+00
      -1.0000            0.13878D-16            0.11895D-15
      -4.0000            0.55511D-16            0.17641D-15
      -8.0000            0.00000D+00            0.00000D+00
      -8.2500            0.22204D-15            0.87789D-15
      -9.0000            0.11102D-15            0.38327D-15
     -10.0000            0.22204D-15            0.64092D-15
     -11.0000            0.00000D+00            0.00000D+00
     -13.0000            0.11102D-14            0.50893D-14
       0.0020            0.27756D-16            0.13522D-15
       0.1250            0.27756D-16            0.12546D-15
       1.0000            0.00000D+00            0.00000D+00
       4.0000            0.00000D+00            0.00000D+00
       7.0000            0.69389D-17            0.15165D-15
       7.2500            0.69389D-17            0.15717D-15
       8.0000            0.69389D-17            0.17368D-15
       9.0000            0.00000D+00            0.00000D+00
      10.0000            0.69389D-17            0.21755D-15
      12.0000            0.69389D-17            0.26128D-15




               TESTING THE FUNCTION AIRYHI

     ARGUMENT             ABS. ERROR             REL. ERROR
      -0.0020            0.55511D-16            0.13560D-15
      -0.1250            0.00000D+00            0.00000D+00
      -1.0000            0.55511D-16            0.25156D-15
      -4.0000            0.27756D-16            0.35783D-15
      -8.0000            0.69389D-17            0.17505D-15
      -8.2500            0.00000D+00            0.00000D+00
      -9.0000            0.69389D-17            0.19672D-15
     -10.0000            0.00000D+00            0.00000D+00
     -11.0000            0.34694D-17            0.12007D-15
     -13.0000            0.00000D+00            0.00000D+00
       0.0020            0.00000D+00            0.00000D+00
       0.1250            0.00000D+00            0.00000D+00
       1.0000            0.22204D-15            0.22839D-15
       4.0000            0.71054D-13            0.84827D-15
       7.0000            0.14552D-10            0.18116D-15
       7.2500            0.17462D-09            0.11256D-14
       8.0000            0.20955D-08            0.17468D-14
       9.0000            0.29802D-07            0.13879D-14
      10.0000            0.16093D-05            0.35320D-14
      12.0000            0.10376D-02            0.31461D-14




               TESTING THE FUNCTION ATNINT

     ARGUMENT             ABS. ERROR             REL. ERROR
       0.0020            0.00000D+00            0.00000D+00
      -0.0039            0.00000D+00            0.00000D+00
       0.0078            0.00000D+00            0.00000D+00
       0.0156            0.00000D+00            0.00000D+00
      -0.0313            0.00000D+00            0.00000D+00
       0.0625            0.69389D-17            0.11107D-15
       0.1250            0.00000D+00            0.00000D+00
      -0.2500            0.00000D+00            0.00000D+00
       0.5000            0.00000D+00            0.00000D+00
       1.0000            0.00000D+00            0.00000D+00
       1.5000            0.22204D-15            0.17416D-15
      -2.0000            0.22204D-15            0.14089D-15
       4.0000            0.44409D-15            0.18306D-15
       8.0000            0.88818D-15            0.26191D-15
      16.0000            0.88818D-15            0.20105D-15
     -20.0000            0.00000D+00            0.00000D+00
      25.0000            0.88818D-15            0.17428D-15
      30.0000            0.00000D+00            0.00000D+00
     -50.0000            0.88818D-15            0.14407D-15
     100.0000            0.88818D-15            0.12261D-15




               TESTING THE FUNCTION BIRINT

     ARGUMENT             ABS. ERROR             REL. ERROR
     -12.0000            0.23939D-15            0.13555D-13
     -10.0000            0.38858D-15            0.25836D-13
      -8.0000            0.83267D-16            0.56427D-14
      -7.5000            0.27756D-16            0.23428D-15
      -7.0000            0.12490D-15            0.19240D-14
      -6.5000            0.30531D-15            0.31391D-14
      -4.0000            0.21511D-15            0.42377D-14
      -1.0000            0.00000D+00            0.00000D+00
      -0.2500            0.00000D+00            0.00000D+00
      -0.0020            0.00000D+00            0.00000D+00
       0.0020            0.00000D+00            0.00000D+00
       0.5000            0.55511D-16            0.15194D-15
       1.0000            0.22204D-15            0.25441D-15
       4.0000            0.71054D-14            0.14736D-15
       8.0000            0.00000D+00            0.00000D+00
       8.5000            0.18626D-08            0.10578D-14
       9.0000            0.93132D-09            0.12623D-15
      10.0000            0.68545D-06            0.46374D-14
      12.0000            0.12207D-03            0.12580D-14
      14.0000            0.10938D+00            0.94023D-15




               TESTING THE FUNCTION CLAUSN

     ARGUMENT             ABS. ERROR             REL. ERROR
       0.0020            0.00000D+00            0.00000D+00
       0.0313            0.00000D+00            0.00000D+00
      -0.1250            0.00000D+00            0.00000D+00
       0.5000            0.11102D-15            0.13087D-15
       1.0000            0.00000D+00            0.00000D+00
      -1.5000            0.11102D-15            0.11821D-15
       2.0000            0.22204D-15            0.30536D-15
       2.5000            0.00000D+00            0.00000D+00
      -3.0000            0.73552D-15            0.75033D-14
       4.0000            0.33307D-15            0.58624D-15
       4.2500            0.22204D-15            0.31287D-15
      -5.0000            0.33307D-15            0.33548D-15
       5.5000            0.22204D-15            0.22628D-15
       6.0000            0.11102D-15            0.17326D-15
       8.0000            0.22204D-15            0.25811D-15
     -10.0000            0.27756D-15            0.71038D-15
      15.0000            0.33307D-15            0.70009D-15
      20.0000            0.44409D-15            0.43947D-15
     -30.0000            0.00000D+00            0.00000D+00
      50.0000            0.00000D+00            0.00000D+00




               TESTING THE FUNCTION DEBYE1

     ARGUMENT             ABS. ERROR             REL. ERROR
       0.0020            0.00000D+00            0.00000D+00
       0.0313            0.00000D+00            0.00000D+00
       0.1250            0.22204D-15            0.22910D-15
       0.5000            0.22204D-15            0.25177D-15
       1.0000            0.00000D+00            0.00000D+00
       1.5000            0.22204D-15            0.32361D-15
       2.0000            0.00000D+00            0.00000D+00
       2.5000            0.22204D-15            0.41212D-15
       3.0000            0.55511D-16            0.11554D-15
       4.0000            0.55511D-16            0.14302D-15
       4.2500            0.00000D+00            0.00000D+00
       5.0000            0.55511D-16            0.17300D-15
       5.5000            0.00000D+00            0.00000D+00
       6.0000            0.00000D+00            0.00000D+00
       8.0000            0.00000D+00            0.00000D+00
      10.0000            0.27756D-16            0.16878D-15
      15.0000            0.00000D+00            0.00000D+00
      20.0000            0.13878D-16            0.16873D-15
      30.0000            0.00000D+00            0.00000D+00
      50.0000            0.69389D-17            0.21092D-15




               TESTING THE FUNCTION DEBYE2

     ARGUMENT             ABS. ERROR             REL. ERROR
       0.0020            0.22204D-15            0.22219D-15
       0.0313            0.11102D-15            0.11219D-15
       0.1250            0.11102D-15            0.11577D-15
       0.5000            0.00000D+00            0.00000D+00
       1.0000            0.11102D-15            0.15684D-15
       1.5000            0.22204D-15            0.37539D-15
       2.0000            0.55511D-16            0.11258D-15
       2.5000            0.11102D-15            0.27026D-15
       3.0000            0.22204D-15            0.64809D-15
       4.0000            0.55511D-16            0.23076D-15
       4.2500            0.00000D+00            0.00000D+00
       5.0000            0.00000D+00            0.00000D+00
       5.5000            0.00000D+00            0.00000D+00
       6.0000            0.27756D-16            0.21912D-15
       8.0000            0.00000D+00            0.00000D+00
      10.0000            0.00000D+00            0.00000D+00
      15.0000            0.00000D+00            0.00000D+00
      20.0000            0.00000D+00            0.00000D+00
      30.0000            0.00000D+00            0.00000D+00
      50.0000            0.00000D+00            0.00000D+00




               TESTING THE FUNCTION DEBYE3

     ARGUMENT             ABS. ERROR             REL. ERROR
       0.0020            0.22204D-15            0.22221D-15
       0.0313            0.11102D-15            0.11233D-15
       0.1250            0.00000D+00            0.00000D+00
       0.5000            0.22204D-15            0.26916D-15
       1.0000            0.00000D+00            0.00000D+00
       1.5000            0.22204D-15            0.40585D-15
       2.0000            0.00000D+00            0.00000D+00
       2.5000            0.55511D-16            0.15675D-15
       3.0000            0.55511D-16            0.19575D-15
       4.0000            0.55511D-16            0.30545D-15
       4.2500            0.00000D+00            0.00000D+00
       5.0000            0.27756D-16            0.23602D-15
       5.5000            0.00000D+00            0.00000D+00
       6.0000            0.13878D-16            0.17888D-15
       8.0000            0.69389D-17            0.18979D-15
      10.0000            0.34694D-17            0.17980D-15
      15.0000            0.00000D+00            0.00000D+00
      20.0000            0.43368D-18            0.17809D-15
      30.0000            0.00000D+00            0.00000D+00
      50.0000            0.27105D-19            0.17391D-15




               TESTING THE FUNCTION DEBYE4

     ARGUMENT             ABS. ERROR             REL. ERROR
       0.0020            0.22204D-15            0.22222D-15
       0.0313            0.11102D-15            0.11242D-15
       0.1250            0.11102D-15            0.11676D-15
       0.5000            0.11102D-15            0.13642D-15
       1.0000            0.11102D-15            0.16953D-15
       1.5000            0.00000D+00            0.00000D+00
       2.0000            0.22204D-15            0.53908D-15
       2.5000            0.11102D-15            0.34377D-15
       3.0000            0.11102D-15            0.44078D-15
       4.0000            0.16653D-15            0.10967D-14
       4.2500            0.27756D-16            0.20755D-15
       5.0000            0.00000D+00            0.00000D+00
       5.5000            0.13878D-16            0.19484D-15
       6.0000            0.69389D-17            0.12463D-15
       8.0000            0.34694D-17            0.15793D-15
      10.0000            0.17347D-17            0.17932D-15
      15.0000            0.00000D+00            0.00000D+00
      20.0000            0.00000D+00            0.00000D+00
      30.0000            0.00000D+00            0.00000D+00
      50.0000            0.00000D+00            0.00000D+00




               TESTING THE FUNCTION EXP3  

     ARGUMENT             ABS. ERROR             REL. ERROR
       0.0020            0.21684D-18            0.11102D-15
       0.0078            0.86736D-18            0.11102D-15
       0.0313            0.00000D+00            0.00000D+00
       0.1250            0.13878D-16            0.11108D-15
       0.5000            0.11102D-15            0.22895D-15
       1.0000            0.00000D+00            0.00000D+00
       1.2500            0.22204D-15            0.25555D-15
       1.5000            0.11102D-15            0.12494D-15
       1.8750            0.00000D+00            0.00000D+00
       2.0000            0.00000D+00            0.00000D+00
       2.1250            0.11102D-15            0.12433D-15
       2.2500            0.00000D+00            0.00000D+00
       2.5000            0.00000D+00            0.00000D+00
       2.7500            0.00000D+00            0.00000D+00
       3.0000            0.11102D-15            0.12433D-15
       3.1250            0.00000D+00            0.00000D+00
       3.2500            0.11102D-15            0.12433D-15
       3.5000            0.00000D+00            0.00000D+00
       3.7500            0.00000D+00            0.00000D+00
       4.0000            0.00000D+00            0.00000D+00




               TESTING THE FUNCTION GOODST

     ARGUMENT             ABS. ERROR             REL. ERROR
       0.0020            0.00000D+00            0.00000D+00
       0.0078            0.00000D+00            0.00000D+00
       0.0313            0.00000D+00            0.00000D+00
       0.1250            0.22204D-15            0.11245D-15
       0.5000            0.00000D+00            0.00000D+00
       1.0000            0.11102D-15            0.18347D-15
       1.2500            0.00000D+00            0.00000D+00
       1.5000            0.55511D-16            0.12447D-15
       1.8750            0.55511D-16            0.14865D-15
       2.0000            0.55511D-16            0.15666D-15
       2.1250            0.00000D+00            0.00000D+00
       2.5000            0.11102D-15            0.37716D-15
       3.0000            0.55511D-16            0.22034D-15
       3.5000            0.00000D+00            0.00000D+00
       4.0000            0.27756D-16            0.14179D-15
       4.5000            0.27756D-16            0.15756D-15
       5.0000            0.27756D-16            0.17330D-15
       5.7500            0.27756D-16            0.19690D-15
       6.0000            0.00000D+00            0.00000D+00
       7.0000            0.27756D-16            0.23619D-15




               TESTING THE FUNCTION I0INT 

     ARGUMENT             ABS. ERROR             REL. ERROR
       0.0020            0.00000D+00            0.00000D+00
      -0.0039            0.86736D-18            0.22204D-15
       0.0625            0.00000D+00            0.00000D+00
       0.1250            0.00000D+00            0.00000D+00
      -0.5000            0.00000D+00            0.00000D+00
       1.0000            0.00000D+00            0.00000D+00
       2.0000            0.44409D-15            0.16003D-15
      -4.0000            0.53291D-14            0.38686D-15
       8.0000            0.34106D-12            0.73466D-15
      18.0000            0.45635D-07            0.71180D-14
     -18.5000            0.14901D-07            0.14308D-14
      20.0000            0.37253D-07            0.83231D-15
     -21.0000            0.14901D-06            0.12572D-14
      22.0000            0.59605D-07            0.18964D-15
     -23.0000            0.95367D-06            0.11429D-14
      24.0000            0.10014D-04            0.45156D-14
      25.0000            0.47684D-05            0.80831D-15
     -27.0000            0.91553D-04            0.21873D-14
      30.0000            0.17090D-02            0.21482D-14
      40.0000            0.54000D+02            0.35786D-14




               TESTING THE FUNCTION I0ML0 

     ARGUMENT             ABS. ERROR             REL. ERROR
       0.0020            0.00000D+00            0.00000D+00
       0.0156            0.22204D-15            0.22426D-15
       0.1250            0.22204D-15            0.24026D-15
       0.5000            0.11102D-15            0.15080D-15
       1.0000            0.11102D-15            0.19974D-15
       2.0000            0.00000D+00            0.00000D+00
       4.0000            0.27756D-16            0.16244D-15
       8.0000            0.41633D-16            0.51348D-15
      12.0000            0.27756D-16            0.51929D-15
      16.0000            0.13878D-16            0.34738D-15
      16.2500            0.00000D+00            0.00000D+00
      17.0000            0.00000D+00            0.00000D+00
      20.0000            0.69389D-17            0.21744D-15
      25.0000            0.34694D-17            0.13602D-15
      30.0000            0.34694D-17            0.16331D-15
      40.0000            0.69389D-17            0.43571D-15
      50.0000            0.17347D-17            0.13619D-15
      75.0000            0.34694D-17            0.40866D-15
     100.0000            0.17347D-17            0.27246D-15
     125.0000            0.00000D+00            0.00000D+00




               TESTING THE FUNCTION I1ML1 

     ARGUMENT             ABS. ERROR             REL. ERROR
       0.0020            0.10842D-18            0.11111D-15
       0.0156            0.86736D-18            0.11176D-15
       0.1250            0.00000D+00            0.00000D+00
       0.5000            0.27756D-16            0.13609D-15
       1.0000            0.55511D-16            0.16404D-15
       2.0000            0.00000D+00            0.00000D+00
       4.0000            0.11102D-15            0.18811D-15
       8.0000            0.22204D-15            0.35468D-15
      12.0000            0.22204D-15            0.35128D-15
      16.0000            0.22204D-15            0.35017D-15
      16.2500            0.00000D+00            0.00000D+00
      17.0000            0.11102D-15            0.17501D-15
      20.0000            0.11102D-15            0.17483D-15
      25.0000            0.11102D-15            0.17467D-15
      30.0000            0.11102D-15            0.17459D-15
      40.0000            0.11102D-15            0.17450D-15
      50.0000            0.11102D-15            0.17446D-15
      75.0000            0.00000D+00            0.00000D+00
     100.0000            0.00000D+00            0.00000D+00
     125.0000            0.11102D-15            0.17440D-15




               TESTING THE FUNCTION J0INT 

     ARGUMENT             ABS. ERROR             REL. ERROR
       0.0010            0.00000D+00            0.00000D+00
       0.0039            0.00000D+00            0.00000D+00
      -0.0625            0.13878D-16            0.22212D-15
       0.1250            0.13878D-16            0.11117D-15
      -0.5000            0.55511D-16            0.11336D-15
       1.0000            0.00000D+00            0.00000D+00
      -2.0000            0.00000D+00            0.00000D+00
       4.0000            0.00000D+00            0.00000D+00
      -8.0000            0.22204D-15            0.18339D-15
      16.0000            0.00000D+00            0.00000D+00
     -16.5000            0.00000D+00            0.00000D+00
      18.0000            0.00000D+00            0.00000D+00
     -20.0000            0.22204D-15            0.20980D-15
      25.0000            0.00000D+00            0.00000D+00
     -30.0000            0.00000D+00            0.00000D+00
      40.0000            0.00000D+00            0.00000D+00
     -50.0000            0.22204D-15            0.24633D-15
      75.0000            0.22204D-15            0.24283D-15
     -80.0000            0.22204D-15            0.23501D-15
     100.0000            0.00000D+00            0.00000D+00




               TESTING THE FUNCTION K0INT 

     ARGUMENT             ABS. ERROR             REL. ERROR
       0.0010            0.34694D-17            0.44147D-15
       0.0039            0.00000D+00            0.00000D+00
       0.0625            0.83267D-16            0.34249D-15
       0.1250            0.27756D-15            0.69390D-15
       0.5000            0.55511D-15            0.59876D-15
       1.0000            0.19984D-14            0.16084D-14
       2.0000            0.88818D-15            0.60270D-15
       4.0000            0.24425D-14            0.15650D-14
       5.0000            0.82157D-14            0.52416D-14
       6.0000            0.22204D-15            0.14146D-15
       6.5000            0.00000D+00            0.00000D+00
       8.0000            0.22204D-15            0.14137D-15
      10.0000            0.22204D-15            0.14136D-15
      12.0000            0.00000D+00            0.00000D+00
      15.0000            0.22204D-15            0.14136D-15
      20.0000            0.00000D+00            0.00000D+00
      30.0000            0.22204D-15            0.14136D-15
      50.0000            0.00000D+00            0.00000D+00
      80.0000            0.00000D+00            0.00000D+00
     100.0000            0.00000D+00            0.00000D+00




               TESTING THE FUNCTION LOBACH

     ARGUMENT             ABS. ERROR             REL. ERROR
       0.0020            0.20680D-24            0.16653D-15
       0.0078            0.13235D-22            0.16653D-15
       0.0313            0.00000D+00            0.00000D+00
       0.1250            0.00000D+00            0.00000D+00
       0.5000            0.00000D+00            0.00000D+00
       1.0000            0.83267D-16            0.44400D-15
       1.5000            0.00000D+00            0.00000D+00
       2.0000            0.00000D+00            0.00000D+00
       2.5000            0.00000D+00            0.00000D+00
       3.0000            0.00000D+00            0.00000D+00
       4.0000            0.00000D+00            0.00000D+00
       5.0000            0.00000D+00            0.00000D+00
       6.0000            0.88818D-15            0.20412D-15
       7.0000            0.00000D+00            0.00000D+00
      10.0000            0.00000D+00            0.00000D+00
      15.0000            0.00000D+00            0.00000D+00
      20.0000            0.00000D+00            0.00000D+00
      30.0000            0.00000D+00            0.00000D+00
      50.0000            0.00000D+00            0.00000D+00
     100.0000            0.00000D+00            0.00000D+00




               TESTING THE FUNCTION STROM 

     ARGUMENT             ABS. ERROR             REL. ERROR
       0.0020            0.73956D-31            0.33768D-15
       0.0078            0.00000D+00            0.00000D+00
       0.0313            0.00000D+00            0.00000D+00
       0.1250            0.52940D-22            0.21416D-15
       0.5000            0.54210D-19            0.18698D-15
       1.0000            0.00000D+00            0.00000D+00
       1.5000            0.00000D+00            0.00000D+00
       2.0000            0.55511D-16            0.13861D-15
       3.0000            0.44409D-15            0.14558D-15
       4.0000            0.17764D-14            0.15626D-15
       4.1250            0.26112D-12            0.20147D-13
       4.5000            0.35527D-13            0.19153D-14
       5.0000            0.17053D-12            0.61196D-14
       6.0000            0.42633D-13            0.82044D-15
       8.0000            0.17053D-12            0.15701D-14
      10.0000            0.56843D-13            0.36962D-15
      15.0000            0.00000D+00            0.00000D+00
      20.0000            0.00000D+00            0.00000D+00
      30.0000            0.00000D+00            0.00000D+00
      50.0000            0.28422D-13            0.14463D-15




               TESTING THE FUNCTION STRVH0

     ARGUMENT             ABS. ERROR             REL. ERROR
       0.0020            0.21684D-18            0.17439D-15
      -0.0078            0.86736D-18            0.17439D-15
       0.0625            0.00000D+00            0.00000D+00
      -0.2500            0.55511D-16            0.35122D-15
       1.0000            0.33307D-15            0.58571D-15
       1.2500            0.11102D-15            0.16670D-15
       2.0000            0.00000D+00            0.00000D+00
      -4.0000            0.55511D-16            0.41115D-15
       7.5000            0.83267D-16            0.41454D-15
      11.0000            0.69389D-16            0.62276D-15
      11.5000            0.55511D-16            0.32602D-15
     -16.0000            0.16653D-15            0.12295D-14
      20.0000            0.13878D-15            0.14702D-14
      25.0000            0.69389D-16            0.68145D-15
     -30.0000            0.69389D-16            0.72206D-15
      50.0000            0.15266D-15            0.17888D-14
      75.0000            0.97145D-16            0.12635D-14
     -80.0000            0.17347D-15            0.36395D-14
     100.0000            0.41633D-16            0.58739D-15
    -125.0000            0.13878D-16            0.21106D-15




               TESTING THE FUNCTION STRVH1

     ARGUMENT             ABS. ERROR             REL. ERROR
       0.0020            0.10588D-21            0.13080D-15
      -0.0078            0.16941D-20            0.13080D-15
       0.0625            0.10842D-18            0.13083D-15
      -0.2500            0.34694D-17            0.26268D-15
       1.0000            0.27756D-16            0.13986D-15
       1.2500            0.00000D+00            0.00000D+00
       2.0000            0.11102D-15            0.17166D-15
      -4.0000            0.22204D-15            0.20757D-15
       7.5000            0.22204D-15            0.57182D-15
       9.0000            0.33307D-15            0.44495D-15
       9.5000            0.11102D-15            0.13113D-15
     -12.0000            0.22204D-15            0.38031D-15
      17.0000            0.11102D-15            0.13774D-15
      25.0000            0.11102D-15            0.20605D-15
     -30.0000            0.11102D-15            0.15382D-15
      50.0000            0.22204D-15            0.38278D-15
      75.0000            0.44409D-15            0.73828D-15
     -80.0000            0.44409D-15            0.62892D-15
     100.0000            0.33307D-15            0.54042D-15
    -125.0000            0.55511D-15            0.88424D-15




               TESTING THE FUNCTION STRVL0

     ARGUMENT             ABS. ERROR             REL. ERROR
       0.0020            0.00000D+00            0.00000D+00
      -0.0313            0.69389D-17            0.34875D-15
       0.1250            0.13878D-16            0.17409D-15
      -0.5000            0.55511D-16            0.16963D-15
       1.0000            0.00000D+00            0.00000D+00
       2.0000            0.11102D-14            0.57304D-15
      -4.0000            0.00000D+00            0.00000D+00
       7.0000            0.14211D-12            0.84337D-15
     -10.0000            0.90949D-12            0.32301D-15
      16.0000            0.11642D-08            0.13030D-14
      16.2500            0.11642D-08            0.10228D-14
     -17.0000            0.46566D-09            0.19774D-15
      20.0000            0.74506D-08            0.17105D-15
      22.5000            0.00000D+00            0.00000D+00
     -25.0000            0.76294D-05            0.13212D-14
      30.0000            0.97656D-03            0.12493D-14
     -40.0000            0.20000D+01            0.13428D-15
      50.0000            0.45875D+06            0.15643D-14
      60.0000            0.12885D+11            0.21861D-14
     -70.0000            0.77406D+15            0.64419D-14




               TESTING THE FUNCTION STRVL1

     ARGUMENT             ABS. ERROR             REL. ERROR
       0.0020            0.00000D+00            0.00000D+00
      -0.0313            0.00000D+00            0.00000D+00
       0.1250            0.86736D-18            0.26132D-15
      -0.5000            0.20817D-16            0.38591D-15
       1.0000            0.00000D+00            0.00000D+00
       2.0000            0.00000D+00            0.00000D+00
      -4.0000            0.17764D-14            0.19373D-15
       7.0000            0.14211D-12            0.91437D-15
     -10.0000            0.27285D-11            0.10218D-14
      16.0000            0.15250D-07            0.17629D-13
      16.2500            0.00000D+00            0.00000D+00
     -17.0000            0.46566D-09            0.20382D-15
      20.0000            0.37253D-07            0.87747D-15
      22.5000            0.59605D-07            0.12197D-15
     -25.0000            0.76294D-05            0.13485D-14
      30.0000            0.36621D-03            0.47651D-15
     -40.0000            0.44000D+02            0.29917D-14
      50.0000            0.32768D+05            0.11287D-15
      60.0000            0.10737D+10            0.18371D-15
     -70.0000            0.38703D+15            0.32442D-14




               TESTING THE FUNCTION SYNCH1

     ARGUMENT             ABS. ERROR             REL. ERROR
       0.0020            0.55511D-16            0.20936D-15
       0.0313            0.88818D-15            0.14314D-14
       0.1250            0.11102D-15            0.13044D-15
       0.5000            0.99920D-15            0.11474D-14
       1.0000            0.55511D-15            0.85215D-15
       1.5000            0.16653D-14            0.36955D-14
       2.0000            0.22204D-15            0.73613D-15
       2.5000            0.62450D-14            0.31517D-13
       3.0000            0.24425D-14            0.18998D-13
       4.0000            0.45658D-13            0.86428D-12
       4.2500            0.69389D-17            0.16467D-15
       5.0000            0.10408D-16            0.48985D-15
       5.5000            0.12143D-16            0.90618D-15
       6.0000            0.17347D-17            0.20588D-15
       8.0000            0.43368D-18            0.33659D-15
      10.0000            0.54210D-19            0.28199D-15
      12.0000            0.20329D-19            0.72034D-15
      15.0000            0.42352D-21            0.27238D-15
      20.0000            0.18198D-22            0.15205D-14
      25.0000            0.90473D-25            0.10101D-14




               TESTING THE FUNCTION SYNCH2

     ARGUMENT             ABS. ERROR             REL. ERROR
       0.0020            0.16653D-15            0.12399D-14
       0.0313            0.72164D-15            0.21551D-14
       0.1250            0.99920D-15            0.19824D-14
       0.5000            0.14433D-14            0.23937D-14
       1.0000            0.16098D-14            0.32556D-14
       1.5000            0.72164D-15            0.20026D-14
       2.0000            0.44409D-15            0.17786D-14
       2.5000            0.40523D-14            0.24101D-13
       3.0000            0.46768D-14            0.42069D-13
       4.0000            0.17090D-13            0.36422D-12
       4.2500            0.20817D-16            0.55327D-15
       5.0000            0.69389D-17            0.36098D-15
       5.5000            0.34694D-17            0.28416D-15
       6.0000            0.86736D-18            0.11228D-15
       8.0000            0.43368D-18            0.36053D-15
      10.0000            0.10842D-18            0.59699D-15
      12.0000            0.33881D-19            0.12603D-14
      15.0000            0.10588D-20            0.70859D-15
      20.0000            0.82718D-23            0.71261D-15
      25.0000            0.14217D-24            0.16274D-14




               TESTING THE FUNCTION TRAN02

     ARGUMENT             ABS. ERROR             REL. ERROR
       0.0020            0.00000D+00            0.00000D+00
       0.0313            0.34694D-17            0.11103D-15
       0.1250            0.00000D+00            0.00000D+00
       0.5000            0.00000D+00            0.00000D+00
       1.0000            0.00000D+00            0.00000D+00
       1.5000            0.22204D-15            0.15723D-15
       2.0000            0.00000D+00            0.00000D+00
       2.5000            0.00000D+00            0.00000D+00
       3.0000            0.00000D+00            0.00000D+00
       4.0000            0.00000D+00            0.00000D+00
       4.2500            0.00000D+00            0.00000D+00
       5.0000            0.00000D+00            0.00000D+00
       5.5000            0.44409D-15            0.14268D-15
       6.0000            0.00000D+00            0.00000D+00
       8.0000            0.00000D+00            0.00000D+00
      10.0000            0.00000D+00            0.00000D+00
      15.0000            0.00000D+00            0.00000D+00
      20.0000            0.44409D-15            0.13499D-15
      30.0000            0.00000D+00            0.00000D+00
      50.0000            0.00000D+00            0.00000D+00




               TESTING THE FUNCTION TRAN03

     ARGUMENT             ABS. ERROR             REL. ERROR
       0.0020            0.21176D-21            0.11102D-15
       0.0313            0.54210D-19            0.11103D-15
       0.1250            0.86736D-18            0.11109D-15
       0.5000            0.00000D+00            0.00000D+00
       1.0000            0.00000D+00            0.00000D+00
       1.5000            0.00000D+00            0.00000D+00
       2.0000            0.00000D+00            0.00000D+00
       2.5000            0.00000D+00            0.00000D+00
       3.0000            0.00000D+00            0.00000D+00
       4.0000            0.88818D-15            0.19396D-15
       4.2500            0.88818D-15            0.18230D-15
       5.0000            0.88818D-15            0.15820D-15
       5.5000            0.00000D+00            0.00000D+00
       6.0000            0.00000D+00            0.00000D+00
       8.0000            0.88818D-15            0.12765D-15
      10.0000            0.88818D-15            0.12422D-15
      15.0000            0.00000D+00            0.00000D+00
      20.0000            0.00000D+00            0.00000D+00
      30.0000            0.00000D+00            0.00000D+00
      50.0000            0.00000D+00            0.00000D+00




               TESTING THE FUNCTION TRAN04

     ARGUMENT             ABS. ERROR             REL. ERROR
       0.0020            0.41359D-24            0.16653D-15
       0.0313            0.00000D+00            0.00000D+00
       0.1250            0.10842D-18            0.16666D-15
       0.5000            0.69389D-17            0.16862D-15
       1.0000            0.00000D+00            0.00000D+00
       1.5000            0.22204D-15            0.22029D-15
       2.0000            0.00000D+00            0.00000D+00
       2.5000            0.44409D-15            0.11432D-15
       3.0000            0.00000D+00            0.00000D+00
       4.0000            0.00000D+00            0.00000D+00
       4.2500            0.71054D-14            0.59509D-15
       5.0000            0.35527D-14            0.23130D-15
       5.5000            0.00000D+00            0.00000D+00
       6.0000            0.35527D-14            0.18578D-15
       8.0000            0.00000D+00            0.00000D+00
      10.0000            0.35527D-14            0.14057D-15
      15.0000            0.00000D+00            0.00000D+00
      20.0000            0.00000D+00            0.00000D+00
      30.0000            0.35527D-14            0.13677D-15
      50.0000            0.00000D+00            0.00000D+00




               TESTING THE FUNCTION TRAN05

     ARGUMENT             ABS. ERROR             REL. ERROR
       0.0020            0.00000D+00            0.00000D+00
       0.0313            0.00000D+00            0.00000D+00
       0.1250            0.00000D+00            0.00000D+00
       0.5000            0.34694D-17            0.22514D-15
       1.0000            0.27756D-16            0.11730D-15
       1.5000            0.00000D+00            0.00000D+00
       2.0000            0.00000D+00            0.00000D+00
       2.5000            0.88818D-15            0.12623D-15
       3.0000            0.17764D-14            0.13910D-15
       4.0000            0.35527D-14            0.12048D-15
       4.2500            0.49738D-13            0.14429D-14
       5.0000            0.14211D-13            0.28273D-15
       5.5000            0.21316D-13            0.35048D-15
       6.0000            0.56843D-13            0.80204D-15
       8.0000            0.14211D-13            0.14004D-15
      10.0000            0.14211D-13            0.12211D-15
      15.0000            0.00000D+00            0.00000D+00
      20.0000            0.00000D+00            0.00000D+00
      30.0000            0.00000D+00            0.00000D+00
      50.0000            0.00000D+00            0.00000D+00




               TESTING THE FUNCTION TRAN06

     ARGUMENT             ABS. ERROR             REL. ERROR
       0.0020            0.00000D+00            0.00000D+00
       0.0313            0.00000D+00            0.00000D+00
       0.1250            0.00000D+00            0.00000D+00
       0.5000            0.86736D-18            0.14085D-15
       1.0000            0.27756D-16            0.14721D-15
       1.5000            0.00000D+00            0.00000D+00
       2.0000            0.88818D-15            0.17464D-15
       2.5000            0.35527D-14            0.25877D-15
       3.0000            0.35527D-14            0.12011D-15
       4.0000            0.00000D+00            0.00000D+00
       4.2500            0.51159D-12            0.46866D-14
       5.0000            0.51159D-12            0.28072D-14
       5.5000            0.85265D-13            0.35878D-15
       6.0000            0.17053D-12            0.57722D-15
       8.0000            0.34106D-12            0.67295D-15
      10.0000            0.11369D-12            0.17797D-15
      15.0000            0.00000D+00            0.00000D+00
      20.0000            0.00000D+00            0.00000D+00
      30.0000            0.00000D+00            0.00000D+00
      50.0000            0.00000D+00            0.00000D+00




               TESTING THE FUNCTION TRAN07

     ARGUMENT             ABS. ERROR             REL. ERROR
       0.0020            0.00000D+00            0.00000D+00
       0.0313            0.25849D-25            0.16654D-15
       0.1250            0.00000D+00            0.00000D+00
       0.5000            0.00000D+00            0.00000D+00
       1.0000            0.00000D+00            0.00000D+00
       1.5000            0.00000D+00            0.00000D+00
       2.0000            0.00000D+00            0.00000D+00
       2.5000            0.00000D+00            0.00000D+00
       3.0000            0.00000D+00            0.00000D+00
       4.0000            0.56843D-13            0.20175D-15
       4.2500            0.37517D-11            0.10234D-13
       5.0000            0.90949D-12            0.12890D-14
       5.5000            0.14779D-11            0.14829D-14
       6.0000            0.27285D-11            0.20532D-14
       8.0000            0.50022D-11            0.17873D-14
      10.0000            0.45475D-12            0.11448D-15
      15.0000            0.90949D-12            0.18221D-15
      20.0000            0.90949D-12            0.17910D-15
      30.0000            0.00000D+00            0.00000D+00
      50.0000            0.00000D+00            0.00000D+00




               TESTING THE FUNCTION TRAN08

     ARGUMENT             ABS. ERROR             REL. ERROR
       0.0020            0.00000D+00            0.00000D+00
       0.0313            0.00000D+00            0.00000D+00
       0.1250            0.13235D-22            0.19449D-15
       0.5000            0.21684D-18            0.19746D-15
       1.0000            0.00000D+00            0.00000D+00
       1.5000            0.00000D+00            0.00000D+00
       2.0000            0.17764D-14            0.12485D-15
       2.5000            0.14211D-13            0.23959D-15
       3.0000            0.28422D-13            0.15668D-15
       4.0000            0.11369D-12            0.12205D-15
       4.2500            0.10232D-10            0.79824D-14
       5.0000            0.00000D+00            0.00000D+00
       5.5000            0.20918D-10            0.47679D-14
       6.0000            0.10004D-10            0.15882D-14
       8.0000            0.58208D-10            0.35087D-14
      10.0000            0.32742D-10            0.12098D-14
      15.0000            0.00000D+00            0.00000D+00
      20.0000            0.00000D+00            0.00000D+00
      30.0000            0.72760D-11            0.17972D-15
      50.0000            0.72760D-11            0.17972D-15




               TESTING THE FUNCTION TRAN09

     ARGUMENT             ABS. ERROR             REL. ERROR
       0.0020            0.58775D-38            0.22204D-15
       0.0313            0.00000D+00            0.00000D+00
       0.1250            0.82718D-24            0.11114D-15
       0.5000            0.54210D-19            0.11288D-15
       1.0000            0.00000D+00            0.00000D+00
       1.5000            0.00000D+00            0.00000D+00
       2.0000            0.00000D+00            0.00000D+00
       2.5000            0.28422D-13            0.22158D-15
       3.0000            0.00000D+00            0.00000D+00
       4.0000            0.00000D+00            0.00000D+00
       4.2500            0.85947D-09            0.18627D-12
       5.0000            0.72578D-09            0.60721D-13
       5.5000            0.27649D-09            0.13823D-13
       6.0000            0.38563D-09            0.12435D-13
       8.0000            0.65484D-09            0.63251D-14
      10.0000            0.40745D-09            0.20638D-14
      15.0000            0.00000D+00            0.00000D+00
      20.0000            0.58208D-10            0.16089D-15
      30.0000            0.00000D+00            0.00000D+00
      50.0000            0.58208D-10            0.16008D-15




               TESTING THE FUNCTION Y0INT 

     ARGUMENT             ABS. ERROR             REL. ERROR
       0.0020            0.00000D+00            0.00000D+00
       0.0078            0.34694D-17            0.11689D-15
       0.1250            0.00000D+00            0.00000D+00
       0.5000            0.11102D-15            0.19762D-15
       1.0000            0.11102D-15            0.17427D-15
       2.0000            0.55511D-16            0.19671D-15
       4.0000            0.55511D-16            0.14468D-15
       6.0000            0.24980D-15            0.19833D-14
      10.0000            0.61062D-15            0.25307D-14
      16.0000            0.41633D-15            0.24293D-14
      16.2500            0.55511D-16            0.29281D-15
      17.0000            0.83267D-16            0.48400D-15
      20.0000            0.55511D-16            0.33000D-15
      25.0000            0.11102D-15            0.11860D-14
      30.0000            0.97145D-16            0.11010D-14
      40.0000            0.33827D-15            0.37870D-13
      50.0000            0.26368D-15            0.48104D-14
      70.0000            0.13878D-16            0.14615D-15
     100.0000            0.21511D-15            0.10976D-13
     125.0000            0.19082D-15            0.22967D-13
