    0.152601809769812E-03   -0.334616507139283E-05   -0.184130688170316E-05    0.799281362540644E-05   -0.677432864812192E-04    0.115977414299106E-03   -0.137959262017636E-03    0.296041637391503E-04
   -0.334616507139285E-05    0.147163611683284E-03   -0.121136181915007E-03   -0.146821994155112E-03   -0.834371124082814E-04    0.659669243705051E-04   -0.277822133767840E-04    0.124271657042888E-03
   -0.184130688170315E-05   -0.121136181915007E-03    0.151846749235699E-03    0.122914076974345E-03    0.128663677161600E-03   -0.960503785316270E-04    0.547564475039398E-04   -0.147717674422803E-03
    0.799281362540644E-05   -0.146821994155112E-03    0.122914076974345E-03    0.146763369801579E-03    0.833306075147073E-04   -0.637027352918762E-04    0.244893980972832E-04   -0.124838238483365E-03
   -0.677432864812191E-04   -0.834371124082814E-04    0.128663677161600E-03    0.833306075147073E-04    0.150581701507409E-03   -0.135570434410011E-03    0.115697299421257E-03   -0.133164468825006E-03
    0.115977414299106E-03    0.659669243705051E-04   -0.960503785316270E-04   -0.637027352918761E-04   -0.135570434410011E-03    0.148982263813393E-03   -0.141088130947326E-03    0.113143148902745E-03
   -0.137959262017635E-03   -0.277822133767839E-04    0.547564475039398E-04    0.244893980972832E-04    0.115697299421257E-03   -0.141088130947326E-03    0.150918660498134E-03   -0.752985224367398E-04
    0.296041637391503E-04    0.124271657042888E-03   -0.147717674422803E-03   -0.124838238483365E-03   -0.133164468825006E-03    0.113143148902745E-03   -0.752985224367397E-04    0.150553220765650E-03
    0.318455616085328E-01    0.419198985691727E-03   -0.157637640683289E-02    0.682137843593504E-03   -0.150192796718228E-01    0.250755530448681E-01   -0.290262723505013E-01    0.770008947769599E-02
    0.419198985691711E-03    0.334173628200508E-01   -0.197876810085984E-01   -0.328818542100870E-01   -0.121566830291839E-01    0.106536030156781E-01   -0.420020009720433E-02    0.214585638018696E-01
   -0.157637640683293E-02   -0.197876810085984E-01    0.219470589684845E-01    0.199182992405677E-01    0.179112890370427E-01   -0.144234753009106E-01    0.818483043228082E-02   -0.220773491897761E-01
    0.682137843593572E-03   -0.328818542100869E-01    0.199182992405677E-01    0.324348510272835E-01    0.118893860140648E-01   -0.993612899738930E-02    0.332128980168189E-02   -0.212925904068543E-01
   -0.150192796718228E-01   -0.121566830291839E-01    0.179112890370427E-01    0.118893860140648E-01    0.225149540161018E-01   -0.228966731343060E-01    0.204119442177487E-01   -0.199717075416638E-01
    0.250755530448681E-01    0.106536030156782E-01   -0.144234753009106E-01   -0.993612899738929E-02   -0.228966731343060E-01    0.280243613356540E-01   -0.274121825723477E-01    0.189150928491966E-01
   -0.290262723505012E-01   -0.420020009720435E-02    0.818483043228081E-02    0.332128980168192E-02    0.204119442177487E-01   -0.274121825723479E-01    0.296314589980441E-01   -0.132307733357420E-01
    0.770008947769599E-02    0.214585638018697E-01   -0.220773491897762E-01   -0.212925904068543E-01   -0.199717075416638E-01    0.189150928491965E-01   -0.132307733357419E-01    0.237425594301320E-01
   -0.367571739422878E-07    0.261346254906961E-06   -0.214520243215517E-07   -0.184001730771432E-06   -0.159974725750829E-06    0.882483759326714E-07   -0.888073256835326E-07    0.995570177233391E-07
    0.137237353890703E-07   -0.748910495716259E-06   -0.427216835542731E-05    0.561644001024686E-06   -0.631861820444757E-05    0.351356880154089E-05   -0.379935345496779E-05    0.331365808352505E-05
   -0.675943011030799E-08    0.294749020426514E-05    0.234783680290546E-05   -0.274460703138749E-05    0.518605791246753E-05   -0.243341786363168E-05    0.345547717126155E-05   -0.128066602468846E-05
   -0.160862922864753E-07    0.803048820979458E-06    0.425244015842283E-05   -0.611767519016177E-06    0.631601308968225E-05   -0.350084324509761E-05    0.380500552844371E-05   -0.328530674097708E-05
    0.227408663144354E-07    0.464104251531958E-05   -0.117376896822411E-05   -0.456143569761430E-05    0.188642159012877E-05   -0.156315414196811E-06    0.183681206328125E-05    0.200402485843258E-05
   -0.301098137957844E-07   -0.231089595438791E-05   -0.631855955507639E-06    0.225358139153365E-05   -0.267718617518479E-05    0.106965908464327E-05   -0.192471060097938E-05    0.288085931112178E-07
    0.389055300068506E-07    0.263287571433979E-05   -0.173426273278972E-05   -0.268147509859555E-05   -0.106015812745926E-06    0.636637494505192E-06    0.397182659748757E-06    0.201133560722362E-05
    0.326264500284747E-08   -0.219499836775783E-05   -0.318052790604070E-05    0.199681478564106E-05   -0.580993590672463E-05    0.294463992993009E-05   -0.370415628787295E-05    0.214573484404208E-05
    0.157204601522210E-06   -0.698198873361839E-07    0.172405363546858E-05    0.612666529289440E-07    0.350060287395515E-05   -0.166956251518198E-05    0.231715106358928E-05   -0.120586732031113E-05
    0.690241844471433E-06   -0.158304599129372E-06    0.103087326676107E-06    0.181435129034010E-06   -0.280458867142200E-06    0.484700109753264E-06   -0.646307141047992E-06   -0.304283235661759E-07
   -0.292897660421562E-05    0.260217457009082E-07   -0.447136605152333E-07   -0.710418554866192E-07    0.125865952882836E-05   -0.214110862884181E-05    0.268354699756082E-05   -0.365555373970338E-06
   -0.726067046425803E-06    0.149965024546684E-06   -0.732751072703384E-07   -0.173306228590716E-06    0.361207834286160E-06   -0.544047179634343E-06    0.727713827970451E-06    0.338649064728692E-08
   -0.488497666857210E-05    0.382049373427229E-07   -0.698293337704563E-06   -0.136678162049719E-06    0.630622059822291E-06   -0.285863888246806E-05    0.341659982619602E-05   -0.264880304885113E-06
    0.265178759203937E-05   -0.588267608430433E-07    0.121108626406114E-05    0.942836283154442E-07    0.135895144714497E-05    0.689900413434160E-06   -0.682728170196621E-06   -0.481767013453424E-06
   -0.306201633829301E-05    0.698364250266695E-07   -0.152140258790627E-05   -0.133958818168551E-06   -0.187489050699375E-05   -0.669227090948182E-06    0.567935690366536E-06    0.577635736719768E-06
    0.224841391337645E-05   -0.559008784958246E-07    0.277724145057597E-06    0.809695515884215E-07   -0.482342672667018E-06    0.139837812086167E-05   -0.172176332962982E-05    0.809532881323455E-07
   -0.422541825840613E-07   -0.168936047257377E-05   -0.469834854460012E-08    0.165845887683218E-05   -0.187141638188729E-05    0.504579105427411E-06   -0.162458667848276E-05   -0.459549239395732E-06
    0.415288105430189E-05   -0.215696655585622E-07   -0.341523747774996E-07    0.116738904335816E-06   -0.173535012575020E-05    0.314222991048440E-05   -0.365851559149537E-05    0.810639336929086E-06
   -0.233442952176155E-05    0.318755123644132E-07    0.518640660867699E-08   -0.888563052981194E-07    0.870065424154099E-06   -0.168597328852146E-05    0.197622512294671E-05   -0.442281211730098E-06
   -0.414150647955125E-05   -0.365849927886243E-08    0.325490645273054E-07   -0.922282612145845E-07    0.168484204925472E-05   -0.311923202040629E-05    0.360651716863038E-05   -0.815538270184383E-06
    0.121003063065237E-05    0.679024990718653E-06    0.247062067400204E-08   -0.596732988935190E-06    0.117991635953076E-06    0.813028634300895E-06   -0.507096866587285E-06    0.470232824197331E-06
    0.578401368463690E-06   -0.118166304731654E-05   -0.432104768962235E-08    0.116905818468322E-05   -0.149713103090013E-05    0.754052108345702E-06   -0.162856108858623E-05   -0.213584371265730E-06
    0.179969565488578E-05    0.148678020663054E-05    0.447902792681169E-08   -0.137794700848606E-05    0.846976154629598E-06    0.956073268179472E-06   -0.175892316016591E-06    0.799862798718163E-06
    0.314482993398183E-05   -0.250687788266864E-06   -0.897755257800760E-08    0.333104089436600E-06   -0.151493620058688E-05    0.239300559013824E-05   -0.296888264513867E-05    0.550282843494236E-06
   -0.221775953204008E-06    0.933506785037190E-07   -0.169475529574096E-05   -0.842121649897901E-07   -0.344711164223080E-05    0.159298752438396E-05   -0.225424742093168E-05    0.116975856061240E-05
   -0.502443805605581E-06    0.122074348998249E-06   -0.200692715140391E-06   -0.145359001267114E-06    0.387768879747193E-07   -0.259158251138188E-06    0.373677666016149E-06    0.137120588043102E-06
    0.272589653251617E-05    0.217108465481225E-07    0.101837057828255E-06    0.233446256300939E-07   -0.103757634016141E-05    0.193530798022200E-05   -0.240260183356733E-05    0.300215127359030E-06
    0.534775967387382E-06   -0.113174114998507E-06    0.171385446308539E-06    0.136691436857178E-06   -0.117665743796826E-06    0.315625594870963E-06   -0.451866922076680E-06   -0.110985855678240E-06
    0.479820707999984E-05    0.514042757731688E-07    0.616903713097125E-06    0.467377666800763E-07   -0.591793627758871E-06    0.283948450152398E-05   -0.330005379791579E-05    0.353405845327062E-06
   -0.258417748688977E-05    0.354070279954835E-07   -0.119979932912529E-05   -0.703958866389554E-07   -0.143152928151384E-05   -0.643936823641476E-06    0.572648481985912E-06    0.468011920309857E-06
    0.309774640214247E-05   -0.211721022355407E-07    0.141422578140799E-05    0.847018035097477E-07    0.179742154776891E-05    0.770069662800908E-06   -0.605991299386341E-06   -0.457602308229794E-06
   -0.204741692893730E-05    0.294538857373478E-07   -0.360762283857592E-06   -0.544638682772192E-07    0.240639345826196E-06   -0.117773096278449E-05    0.143304899834083E-05    0.114998343407343E-07
    0.207388636841553E-06   -0.373992783357912E-05    0.190644035350083E-05    0.367989858808309E-05   -0.164944839116724E-07   -0.566116520598665E-06   -0.738996242903265E-06   -0.233564920033063E-05
    0.614288207961194E-05    0.343839721542902E-06    0.174150177936480E-05   -0.108587849663226E-06    0.635783806774397E-07    0.317457032134687E-05   -0.385446327795301E-05   -0.195114345581189E-06
   -0.515657664882754E-05   -0.127426134446549E-05   -0.868553868875082E-06    0.105411631226248E-05   -0.100682205528428E-07   -0.286483925387728E-05    0.309668050722828E-05   -0.533312263996963E-06
   -0.614385453566012E-05   -0.433902450218801E-06   -0.168883732937647E-05    0.196283180261175E-06   -0.621862531523208E-07   -0.319669470587669E-05    0.383789635522909E-05    0.129852000749893E-06
   -0.191719530154558E-05   -0.491546065143968E-06   -0.138448502386273E-06    0.456214950047454E-06    0.106742670075824E-07   -0.106887932417256E-05    0.113509306994785E-05   -0.313387709429162E-06
    0.271436683151867E-05   -0.155293870473554E-05    0.152575307277617E-05    0.162025614114753E-05   -0.129393015073067E-07    0.110062777468155E-05   -0.200012553283363E-05   -0.108862755543834E-05
    0.555977585084033E-07    0.212026063799781E-05   -0.883499326458769E-06   -0.203628770890660E-05    0.173079356018101E-07    0.412440428279675E-06    0.291982046721517E-06    0.123400773689075E-05
    0.577084469605725E-05    0.459256398080794E-06    0.152064917282203E-05   -0.220417859221325E-06    0.136935199007637E-07    0.301400123980667E-05   -0.363681297324376E-05   -0.609313022566614E-07
   -0.144819148096744E-06    0.200583327316673E-05   -0.555203305885978E-06   -0.191928864920498E-05    0.604052755168187E-06   -0.217976316340913E-07    0.801397274896108E-06    0.891536833312246E-06
   -0.335543418734231E-05   -0.565444528681247E-06   -0.318366557513894E-05    0.345257412641917E-06   -0.333822213878208E-05    0.944879283011129E-07    0.110368269093072E-06    0.184397353027202E-05
    0.240426050481363E-05    0.216153950979222E-05    0.168864920534893E-05   -0.195654574003584E-05    0.289111670179642E-05   -0.156717033791470E-07    0.497768930454287E-06   -0.462404603264365E-06
    0.334463349335951E-05    0.638218340089932E-06    0.315621961090767E-05   -0.414545002378127E-06    0.335658516029632E-05   -0.924151508531303E-07   -0.783400753598477E-07   -0.180611380273089E-05
    0.192778223321006E-06    0.266286499486999E-05   -0.783791374478566E-06   -0.264917838142701E-05    0.104394157220812E-05    0.144608868185231E-07    0.937573892313613E-06    0.123963863707632E-05
   -0.111459950054618E-05   -0.416873580986537E-06   -0.795827344838327E-06    0.378944504924173E-06   -0.107102767206349E-05   -0.170142274485203E-07    0.450536840846139E-07    0.375510451093178E-06
   -0.576331285688884E-06    0.324379699211509E-06   -0.903626459856238E-06   -0.435209975572159E-06   -0.452598909603669E-06    0.232523438795918E-07    0.161450974295721E-06    0.669862666097052E-06
   -0.290824797121780E-05   -0.136392705747415E-05   -0.240886740767718E-05    0.114658969474860E-05   -0.305042153322880E-05    0.217197380003973E-07   -0.117815659166660E-06    0.114003526595199E-05
    0.164300981452655E-06   -0.274381865742352E-05    0.168838286913251E-05    0.266820210167313E-05    0.688227056934479E-06   -0.741975865694315E-06   -0.394078779633989E-07   -0.196177852795734E-05
    0.370312784939391E-05    0.717628580236228E-06    0.375416350425269E-05   -0.448199196266553E-06    0.404518970276317E-05   -0.302997963045871E-06    0.779976855563539E-07   -0.219533009384334E-05
   -0.343223196571495E-05   -0.270442723196899E-05   -0.198614468554269E-05    0.242404855410238E-05   -0.312838341034508E-05   -0.463676253080993E-06   -0.158980464589160E-07    0.377883009296313E-06
   -0.370665785663936E-05   -0.817267260920537E-06   -0.369477415265124E-05    0.544000127126248E-06   -0.402469573024152E-05    0.267895889384145E-06   -0.779854677047084E-07    0.212206044151705E-05
   -0.188406604066762E-05   -0.316833320281632E-05    0.470588957649972E-06    0.305883455109387E-05   -0.110221090897478E-05   -0.976042713831014E-06    0.248724251502419E-07   -0.144882942032461E-05
    0.198572564001818E-05    0.335773385381511E-06    0.168176935308394E-05   -0.235931677041259E-06    0.196036875806548E-05    0.182342198437648E-08   -0.315126862033299E-07   -0.935258101716768E-06
   -0.477169561670072E-06   -0.130642103328319E-06    0.110182942812573E-06    0.181464205871015E-06   -0.238182512063084E-06   -0.224685890773611E-06    0.417512905999120E-07   -0.214385239102667E-06
    0.368180696704271E-05    0.167027929393754E-05    0.299908312640469E-05   -0.138499526631071E-05    0.367914064519907E-05    0.735778290882402E-07    0.179995230464471E-07   -0.139993750902772E-05
   -0.753820612919146E-08    0.123622601018246E-05    0.460228853025961E-06   -0.119458993369505E-05    0.228498900490906E-05   -0.817393918259920E-06    0.186893697633226E-05    0.993045751695231E-08
   -0.319082109777439E-05   -0.968715692494189E-07   -0.754996266563633E-06   -0.857974491059356E-08    0.161456603065190E-06   -0.177883010662299E-05    0.208512415652114E-05   -0.231493692306043E-07
    0.126595561776562E-05    0.387346879600021E-06    0.433000969883942E-06   -0.321926990296216E-06    0.535957558113422E-06    0.455936889289865E-06   -0.365140700976064E-06    0.436473059764538E-08
    0.317200642416126E-05    0.120921476183683E-06    0.762069673420536E-06   -0.142159542276336E-07   -0.100034431917178E-06    0.174726398863290E-05   -0.202089254866328E-05    0.227831716145396E-07
   -0.205684262508129E-05    0.245914326316811E-06   -0.470268734799392E-06   -0.337617114494825E-06    0.342602952532631E-06   -0.128232843508504E-05    0.150216534811238E-05   -0.595272015525258E-08
    0.481229936484622E-07    0.504788877297064E-06    0.215031363178620E-06   -0.486534886597108E-06    0.104685380799897E-05   -0.314087544125067E-06    0.857878093140818E-06    0.774480364913527E-08
   -0.210571641121528E-05   -0.609917324930356E-06   -0.799875335537047E-06    0.484219230630661E-06   -0.118163527468288E-05   -0.746259238493489E-06    0.309737399729123E-06   -0.105642390784494E-07
   -0.210244029492707E-05   -0.109518693849066E-06   -0.536091783780649E-06    0.180992683765823E-07    0.452156990963112E-07   -0.111327101288326E-05    0.135943761554242E-05   -0.449358177894803E-08
    0.645518480434097E-04   -0.553587668193629E-02    0.327423513570249E-02    0.544963809728002E-02    0.200467789232852E-02   -0.167971807399768E-02    0.608515594230366E-03   -0.349736779150187E-02
    0.102567607147033E-03   -0.808895704340892E-04    0.111985249292127E-02    0.124666451896831E-03    0.131747420173406E-02   -0.766403567905491E-03    0.644310788558716E-03   -0.924628242346390E-03
    0.683278588074881E-03    0.835515970841788E-04   -0.963899276256942E-04   -0.508873135597270E-04   -0.379012670725411E-03    0.585786825969813E-03   -0.650071886006904E-03    0.247368206391242E-03
   -0.170028679482680E-02    0.267333946972855E-04    0.429615143180115E-04   -0.851454503519472E-04    0.785167761726763E-03   -0.133115499090133E-02    0.154769744703813E-02   -0.375370849454451E-03
   -0.722916695452234E-03   -0.938454635498298E-04    0.142434861012423E-03    0.615624156074267E-04    0.445607545591539E-03   -0.648757842128232E-03    0.710469821368509E-03   -0.295947122407112E-03
   -0.182265601308013E-02    0.859870715232857E-04   -0.478157896342270E-03   -0.160962556044609E-03    0.218019665053294E-03   -0.102402299051057E-02    0.132989291450746E-02    0.631505700509807E-04
    0.125678825542157E-02   -0.104886139727810E-03    0.852510464487125E-03    0.177534401641603E-03    0.473578732544660E-03    0.320768168652095E-03   -0.580311128564951E-03   -0.481048595887009E-03
   -0.969710855839715E-03    0.972660486668178E-04   -0.100709012289369E-02   -0.162575739021585E-03   -0.801580236729438E-03    0.267112140869529E-04    0.212444738466866E-03    0.672563839852178E-03
    0.154939403865117E-02   -0.538643454771635E-04    0.189313770461532E-03    0.117304590341716E-03   -0.455166203963875E-03    0.105004272994234E-02   -0.127245292623145E-02    0.149974586241003E-03
   -0.190101687666649E-01    0.612039204515706E-03    0.364472615756152E-03   -0.125919005764511E-02    0.862637530056159E-02   -0.146545844758751E-01    0.172595509188842E-01   -0.397559878061641E-02
