   18.2681    
   18.0280    
   18.2988    
   19.2281    
   17.7811    
   18.2834    
   11.2301    
   10.9687    
   11.2635    
   12.2795    
   10.7032    
   11.2531    
   18.3656    
   18.2283    
   18.4439    
   18.3469    
   18.3097    
   18.2381    
   11.3353    
   11.1866    
   11.4240    
   11.3198    
   11.2819    
   11.2047    
   18.2866    
   18.2507    
   18.2903    
   18.2968    
   18.2582    
   18.2802    
   11.2469    
   11.2092    
   11.2558    
   11.2665    
   11.2276    
   11.2534    
   18.2163    
   18.2091    
   18.2072    
   18.2119    
   18.2021    
   18.2025    
   11.1658    
   11.1606    
   11.1639    
   11.1752    
   11.1699    
   11.1732    
   18.1418    
   18.1400    
   18.1370    
   18.1352    
   18.1324    
   18.1306    
   11.0769    
   11.0799    
   11.0854    
   11.0936    
   11.0996    
   11.1029    
   18.0734    
   18.0700    
   18.0658    
   18.0611    
   18.0566    
   18.0536    
   10.9897    
   10.9952    
   11.0049    
   11.0156    
   11.0260    
   11.0335    
   18.0057    
   18.0009    
   17.9946    
   17.9872    
   17.9806    
   17.9716    
   10.8955    
   10.9068    
   10.9239    
   10.9401    
   10.9541    
   10.9698    
   17.9406    
   17.9327    
   17.9246    
   17.9127    
   17.9011    
   17.9032    
   10.8019    
   10.8137    
   10.8365    
   10.8641    
   10.8865    
   10.8938    
   17.8761    
   17.8638    
   17.8561    
   17.8489    
   17.8009    
   17.8069    
   10.6974    
   10.7511    
   10.7669    
   10.7792    
   10.8393    
   10.8473    
   17.8066    
   17.7898    
   17.7875    
   17.7904    
   17.8293    
   17.3492    
   10.4651    
   10.6400    
   10.6776    
   10.6841    
   10.6413    
   11.1888    
   17.7213    
   17.7011    
   17.7077    
   17.7502    
   17.7935    
   18.7266    
   10.6858    
   10.8206    
   10.6509    
   10.5555    
   10.4889    
   9.39888    
   17.6108    
   17.5890    
   17.5891    
   17.6293    
   17.7675    
   17.6167    
   11.5858    
   10.6276    
   10.5886    
   10.4999    
   10.3300    
   10.4437    
   17.4743    
   17.4559    
   17.4498    
   17.4335    
   17.3936    
   17.2406    
   9.91522    
   10.4917    
   10.4634    
   10.4801    
   10.5263    
   10.7135    
   17.3232    
   17.3092    
   17.3006    
   17.2934    
   17.2823    
   17.2442    
   10.3004    
   10.3076    
   10.3756    
   10.3941    
   10.4141    
   10.4714    
   17.1684    
   17.1591    
   17.1482    
   17.1324    
   17.1172    
   17.1143    
   10.2621    
   10.2705    
   10.2975    
   10.3309    
   10.3581    
   10.3708    
   17.0144    
   17.0086    
   17.0008    
   16.9909    
   16.9793    
   16.9725    
   10.1903    
   10.2082    
   10.2267    
   10.2485    
   10.2707    
   10.2845    
   16.8642    
   16.8597    
   16.8526    
   16.8444    
   16.8368    
   16.8321    
   10.1284    
   10.1390    
   10.1556    
   10.1739    
   10.1902    
   10.2003    
   16.7176    
   16.7134    
   16.7065    
   16.6985    
   16.6910    
   16.6861    
   10.0557    
   10.0656    
   10.0816    
   10.0995    
   10.1159    
   10.1264    
   16.5745    
   16.5690    
   16.5613    
   16.5522    
   16.5440    
   16.5343    
   9.97299    
   9.98646    
   10.0073    
   10.0278    
   10.0454    
   10.0629    
   16.4345    
   16.4263    
   16.4176    
   16.4051    
   16.3931    
   16.3945    
   9.88815    
   9.90109    
   9.92605    
   9.95618    
   9.98081    
   9.98906    
   16.2956    
   16.2831    
   16.2754    
   16.2686    
   16.2222    
   16.2269    
   9.79081    
   9.84521    
   9.86226    
   9.87616    
   9.93770    
   9.94613    
   16.1516    
   16.1348    
   16.1327    
   16.1367    
   16.1783    
   15.7097    
   9.56455    
   9.74002    
   9.77851    
   9.78612    
   9.74425    
   10.2931    
   15.9917    
   15.9715    
   15.9782    
   16.0208    
   16.0669    
   17.0125    
   9.78997    
   9.92644    
   9.75737    
   9.66257    
   9.59658    
   8.50777    
   15.8067    
   15.7848    
   15.7846    
   15.8241    
   15.9581    
   15.7888    
   10.6987    
   9.73963    
   9.70064    
   9.61207    
   9.44197    
   9.55419    
   15.5958    
   15.5772    
   15.5703    
   15.5523    
   15.5098    
   15.3528    
   9.03373    
   9.60934    
   9.58080    
   9.59739    
   9.64349    
   9.83039    
   15.3708    
   15.3567    
   15.3476    
   15.3396    
   15.3273    
   15.2885    
   9.42317    
   9.43053    
   9.49838    
   9.51678    
   9.53670    
   9.59401    
   15.1424    
   15.1330    
   15.1217    
   15.1053    
   15.0896    
   15.0867    
   9.39015    
   9.39861    
   9.42550    
   9.45892    
   9.48604    
   9.49872    
   14.9149    
   14.9091    
   14.9012    
   14.8911    
   14.8791    
   14.8723    
   9.32364    
   9.34154    
   9.36001    
   9.38183    
   9.40399    
   9.41780    
   14.6916    
   14.6871    
   14.6799    
   14.6717    
   14.6640    
   14.6593    
   9.26704    
   9.27756    
   9.29425    
   9.31251    
   9.32888    
   9.33895    
   14.4717    
   14.4675    
   14.4608    
   14.4529    
   14.4454    
   14.4406    
   9.19956    
   9.20950    
   9.22555    
   9.24349    
   9.25992    
   9.27037    
   14.2553    
   14.2500    
   14.2425    
   14.2337    
   14.2257    
   14.2163    
   9.12207    
   9.13557    
   9.15648    
   9.17710    
   9.19475    
   9.21226    
   14.0419    
   14.0338    
   14.0256    
   14.0139    
   14.0024    
   14.0037    
   9.04241    
   9.05539    
   9.08049    
   9.11083    
   9.13560    
   9.14386    
   13.8292    
   13.8169    
   13.8100    
   13.8044    
   13.7603    
   13.7640    
   8.95011    
   9.00463    
   9.02198    
   9.03620    
   9.09808    
   9.10648    
   13.6110    
   13.5944    
   13.5932    
   13.5991    
   13.6441    
   13.1873    
   8.72845    
   8.90433    
   8.94335    
   8.95154    
   8.91025    
   9.46014    
   13.3763    
   13.3564    
   13.3638    
   13.4077    
   13.4574    
   14.4157    
   8.95758    
   9.09571    
   8.92749    
   8.83336    
   8.76812    
   7.68053    
   13.1159    
   13.0944    
   13.0951    
   13.1355    
   13.2665    
   13.0791    
   9.87400    
   8.91421    
   8.87589    
   8.78835    
   8.61880    
   8.72982    
   12.8290    
   12.8111    
   12.8055    
   12.7881    
   12.7450    
   12.5850    
   8.21288    
   8.78814    
   8.76098    
   8.77936    
   8.82688    
   9.01409    
   12.5268    
   12.5141    
   12.5084    
   12.5040    
   12.4939    
   12.4561    
   8.60370    
   8.61232    
   8.68309    
   8.70510    
   8.72794    
   8.78641    
   12.2191    
   12.2126    
   12.2073    
   12.1979    
   12.1881    
   12.1884    
   8.57081    
   8.58148    
   8.61409    
   8.65427    
   8.68685    
   8.70179    
   11.9085    
   11.9080    
   11.9110    
   11.9139    
   11.9131    
   11.9120    
   8.50044    
   8.52243    
   8.55132    
   8.58562    
   8.61779    
   8.63573    
   11.5951    
   11.6004    
   11.6120    
   11.6261    
   11.6386    
   11.6453    
   8.43202    
   8.45121    
   8.48689    
   8.52675    
   8.56110    
   8.57942    
   11.2743    
   11.2879    
   11.3122    
   11.3412    
   11.3673    
   11.3896    
   8.33723    
   8.36379    
   8.41941    
   8.47509    
   8.52005    
   8.54471    
   10.9407    
   10.9667    
   11.0066    
   11.0597    
   11.1081    
   11.1256    
   8.22285    
   8.24619    
   8.33631    
   8.43328    
   8.50107    
   8.53844    
   10.5904    
   10.6342    
   10.6903    
   10.7643    
   10.8998    
   10.9020    
   8.05727    
   8.16191    
   8.27107    
   8.40135    
   8.50951    
   8.57096    
   10.2263    
   10.2922    
   10.3549    
   10.4410    
   10.5463    
   11.3116    
   7.44489    
   7.95787    
   8.25167    
   8.40023    
   8.54830    
   8.65070    
   9.86646    
   9.95577    
   10.0055    
   10.0290    
   10.1191    
   9.66728    
   7.28247    
   7.85013    
   8.25318    
   8.43759    
   8.61354    
   8.78313    
   9.53957    
   9.65178    
   9.69283    
   9.64720    
   9.43473    
   8.88120    
   8.52611    
   8.14693    
   8.27935    
   8.47210    
   8.68766    
   8.88390    
   9.27705    
   9.40463    
   9.43722    
   9.37799    
   9.18935    
   8.81214    
   8.47545    
   8.28618    
   8.23924    
   8.39877    
   8.81917    
   8.95606    
   9.09818    
   9.23831    
   9.26983    
   9.19720    
   9.02201    
   8.75048    
   8.42547    
   8.15963    
   7.99457    
   8.04864    
   8.52537    
   10.4294    
   9.01113    
   9.16234    
   9.20006    
   9.13087    
   8.94959    
   8.67782    
   8.32903    
   7.93885    
   7.53568    
   7.13254    
   7.12943    
   8.41080    
   9.02085    
   9.18274    
   9.22490    
   9.15691    
   8.96877    
   8.66839    
   8.25524    
   7.71715    
   7.02891    
   6.14432    
   4.10222    
  -2.25780    
   9.12996    
   9.30407    
   9.35103    
   9.28094    
   9.08191    
   8.75367    
   8.28085    
   7.62016    
   6.65504    
   5.28719    
   3.73221    
  0.588419    
   9.34240    
   9.53022    
   9.58237    
   9.51029    
   9.30209    
   8.95791    
   8.45823    
   7.75558    
   6.72906    
   5.06291    
   2.70226    
  0.399852E-01
   9.66304    
   9.86668    
   9.92352    
   9.84850    
   9.63357    
   9.28895    
   8.80801    
   8.15605    
   7.24672    
   5.81221    
   2.94600    
  0.140944    
   10.0981    
   10.3205    
   10.3798    
   10.2964    
   10.0694    
   9.72783    
   9.29623    
   8.78522    
   8.17988    
   7.39157    
   5.63995    
  -6.71024    
   10.6575    
   10.9023    
   10.9586    
   10.8541    
   10.5948    
   10.2338    
   9.84066    
   9.48725    
   9.25282    
   9.42163    
   11.6406    
   14.6781    
   11.3582    
   11.6283    
   11.6726    
   11.5250    
   11.1961    
   10.7559    
   10.3304    
   10.0799    
   10.0628    
   10.3100    
   11.1262    
   13.0611    
   12.2263    
   12.5213    
   12.5449    
   12.3198    
   11.8597    
   11.2653    
   10.6485    
   10.3348    
   10.4379    
   10.8454    
   11.3814    
   11.9284    
   13.2962    
   13.6058    
   13.6146    
   13.2984    
   12.5230    
   11.6245    
   10.9865    
   10.4260    
   10.2662    
   10.7734    
   11.2612    
   11.6559    
   14.6002    
   14.8976    
   14.9037    
   14.6250    
   13.5464    
   10.5988    
   9.29528    
   10.3522    
   10.0235    
   10.4510    
   10.8938    
   11.2650    
   16.1427    
   16.3991    
   16.4057    
   16.1690    
   16.1299    
   11.3276    
   4.95764    
   8.16154    
   9.60577    
   10.1298    
   10.5274    
   10.8208    
   17.8721    
   18.0705    
   18.1468    
   17.8387    
   18.0026    
   19.1984    
   5.97049    
   8.26747    
   9.21253    
   9.84775    
   10.2230    
   10.4400    
   19.7176    
   19.8316    
   19.9463    
   20.0168    
   19.8481    
   20.0761    
   8.71639    
   8.70857    
   9.30451    
   9.73667    
   10.0317    
   10.1793    
   21.6158    
   21.6768    
   21.7108    
   21.7864    
   21.8709    
   21.8832    
   9.18701    
   9.26742    
   9.49811    
   9.76551    
   9.96284    
   10.0543    
   23.5119    
   23.5461    
   23.5597    
   23.5662    
   23.5946    
   23.6292    
   9.49671    
   9.57834    
   9.70978    
   9.86270    
   9.98719    
   10.0423    
   25.4232    
   25.4211    
   25.3973    
   25.3619    
   25.3267    
   25.3187    
   9.77481    
   9.81460    
   9.89729    
   9.99221    
   10.0726    
   10.1101    
   27.3590    
   27.3222    
   27.2417    
   27.1396    
   27.0543    
   26.9427    
   9.98147    
   10.0125    
   10.0718    
   10.1384    
   10.1945    
   10.2323    
   29.3371    
   29.2602    
   29.1227    
   28.8900    
   28.7099    
   28.7659    
   10.1563    
   10.1833    
   10.2319    
   10.2919    
   10.3429    
   10.3575    
   31.3707    
   31.2475    
   31.0716    
   30.7841    
   29.9010    
   30.2570    
   10.3052    
   10.3747    
   10.4046    
   10.4321    
   10.5354    
   10.5456    
   33.4257    
   33.2690    
   33.1412    
   32.8265    
   32.4469    
   25.5457    
   10.3217    
   10.5153    
   10.5572    
   10.5603    
   10.4792    
   11.3776    
   35.4030    
   35.2329    
   35.2575    
   35.5220    
   34.9803    
   39.2989    
   10.8251    
   10.9630    
   10.7797    
   10.6471    
   10.5166    
   8.54660    
   37.1869    
   37.0263    
   37.0694    
   37.5521    
   39.3831    
   39.7533    
   11.9995    
   11.0319    
   10.9963    
   10.8789    
   10.5950    
   10.7565    
   38.7132    
   38.5949    
   38.6678    
   38.7842    
   38.8285    
   38.1103    
   10.5577    
   11.1843    
   11.1632    
   11.1951    
   11.2763    
   11.5922    
   40.0572    
   39.9628    
   39.9569    
   40.0124    
   40.0989    
   39.8824    
   11.2783    
   11.2968    
   11.3772    
   11.4036    
   11.4326    
   11.5237    
   41.3078    
   41.2499    
   41.2164    
   41.1729    
   41.1261    
   41.0993    
   11.5490    
   11.5654    
   11.6029    
   11.6515    
   11.6922    
   11.7079    
   42.5299    
   42.4897    
   42.4485    
   42.4049    
   42.3514    
   42.3079    
   11.7832    
   11.8068    
   11.8327    
   11.8637    
   11.8965    
   11.9165    
   43.7621    
   43.7286    
   43.6764    
   43.6186    
   43.5659    
   43.5323    
   12.0247    
   12.0393    
   12.0626    
   12.0883    
   12.1116    
   12.1260    
   45.0167    
   44.9802    
   44.9129    
   44.8341    
   44.7601    
   44.7180    
   12.2519    
   12.2656    
   12.2878    
   12.3128    
   12.3359    
   12.3507    
   46.3093    
   46.2569    
   46.1598    
   46.0412    
   45.9407    
   45.8272    
   12.4658    
   12.4843    
   12.5119    
   12.5402    
   12.5649    
   12.5908    
   47.6512    
   47.5697    
   47.4380    
   47.2267    
   47.0534    
   47.0936    
   12.6751    
   12.6954    
   12.7278    
   12.7683    
   12.8027    
   12.8106    
   49.0421    
   48.9217    
   48.7699    
   48.5385    
   47.7846    
   48.0245    
   12.8709    
   12.9376    
   12.9606    
   12.9791    
   13.0770    
   13.0820    
   50.4402    
   50.2885    
   50.1876    
   49.9609    
   49.7904    
   43.6812    
   12.9372    
   13.1332    
   13.1737    
   13.1750    
   13.0949    
   14.0127    
   51.7452    
   51.5776    
   51.6115    
   51.8926    
   51.5205    
   56.6773    
   13.4858    
   13.6418    
   13.4604    
   13.3257    
   13.1980    
   11.2495    
   52.8505    
   52.6849    
   52.7121    
   53.1661    
   54.7281    
   53.8980    
   14.7626    
   13.7816    
   13.7411    
   13.6205    
   13.3276    
   13.4545    
   53.7090    
   53.5804    
   53.6033    
   53.6058    
   53.4870    
   52.5230    
   13.3850    
   13.9990    
   13.9725    
   13.9989    
   14.0741    
   14.3822    
   54.4049    
   54.3034    
   54.2726    
   54.2793    
   54.2779    
   54.0210    
   14.1551    
   14.1744    
   14.2515    
   14.2751    
   14.3007    
   14.3903    
   55.0321    
   54.9672    
   54.9102    
   54.8299    
   54.7475    
   54.7207    
   14.4893    
   14.5055    
   14.5418    
   14.5884    
   14.6275    
   14.6430    
   55.6440    
   55.6011    
   55.5499    
   55.4900    
   55.4183    
   55.3700    
   14.7881    
   14.8114    
   14.8367    
   14.8669    
   14.8988    
   14.9185    
   56.2755    
   56.2408    
   56.1855    
   56.1233    
   56.0661    
   56.0304    
   15.0943    
   15.1089    
   15.1319    
   15.1574    
   15.1804    
   15.1947    
   56.9322    
   56.8967    
   56.8334    
   56.7593    
   56.6898    
   56.6486    
   15.3864    
   15.4002    
   15.4225    
   15.4477    
   15.4710    
   15.4858    
   57.6237    
   57.5747    
   57.4906    
   57.3885    
   57.3007    
   57.2018    
   15.6651    
   15.6837    
   15.7121    
   15.7411    
   15.7663    
   15.7926    
   58.3553    
   58.2800    
   58.1723    
   58.0027    
   57.8550    
   57.8872    
   15.9389    
   15.9593    
   15.9930    
   16.0353    
   16.0710    
   16.0787    
   59.1195    
   59.0078    
   58.8912    
   58.7282    
   58.1126    
   58.2556    
   16.1981    
   16.2657    
   16.2911    
   16.3124    
   16.4145    
   16.4178    
   59.8700    
   59.7265    
   59.6596    
   59.5288    
   59.5686    
   54.2383    
   16.3229    
   16.5232    
   16.5675    
   16.5735    
   16.4999    
   17.4391    
   60.5076    
   60.3444    
   60.3917    
   60.6957    
   60.5028    
   66.4976    
   16.9212    
   17.0965    
   16.9199    
   16.7869    
   16.6652    
   14.7393    
   60.9362    
   60.7669    
   60.7821    
   61.2095    
   62.5061    
   60.4830    
   18.3025    
   17.3087    
   17.2654    
   17.1443    
   16.8443    
   16.9374    
   61.1264    
   60.9889    
   60.9652    
   60.8594    
   60.5793    
   59.3690    
   16.9892    
   17.5913    
   17.5616    
   17.5847    
   17.6558    
   17.9570    
   61.1715    
   61.0653    
   61.0151    
   60.9790    
   60.8947    
   60.6001    
   17.8078    
   17.8288    
   17.9052    
   17.9290    
   17.9538    
   18.0431    
   61.1688    
   61.1006    
   61.0281    
   60.9206    
   60.8105    
   60.7883    
   18.2021    
   18.2197    
   18.2589    
   18.3089    
   18.3507    
   18.3677    
   61.1592    
   61.1203    
   61.0729    
   61.0128    
   60.9363    
   60.8903    
   18.5591    
   18.5847    
   18.6170    
   18.6558    
   18.6951    
   18.7164    
   61.1700    
   61.1460    
   61.1103    
   61.0707    
   61.0332    
   61.0088    
   18.9176    
   18.9369    
   18.9737    
   19.0153    
   19.0541    
   19.0780    
   61.1954    
   61.1829    
   61.1609    
   61.1341    
   61.1119    
   61.1001    
   19.2512    
   19.2739    
   19.3232    
   19.3801    
   19.4189    
   19.4776    
   61.2308    
   61.2228    
   61.2161    
   61.1954    
   61.1821    
   61.1805    
   19.5503    
   19.5830    
   19.6610    
   19.7601    
   19.8336    
   19.7176    
   61.2805    
   61.2585    
   61.2804    
   61.2647    
   61.2243    
   61.2487    
   19.8128    
   19.8399    
   19.9998    
   20.0850    
   20.4379    
   20.3646    
   61.2403    
   61.2945    
   61.3195    
   61.3893    
   61.2111    
   61.3182    
   19.8941    
   20.0263    
   20.2222    
   20.7440    
   19.7308    
   23.5395    
   61.2737    
   60.8711    
   62.0254    
   61.2782    
   61.0532    
   61.2430    
   20.0126    
   19.5296    
   21.1486    
   20.4792    
   23.1095    
   0.00000    
