  0.000000000000000E+000  0.000000000000000E+000
  0.000000000000000E+000   1.00000000000000     
  0.000000000000000E+000   2.00000000000000     
  0.000000000000000E+000   3.00000000000000     
  0.000000000000000E+000   4.00000000000000     
  0.000000000000000E+000   5.00000000000000     
  0.000000000000000E+000   6.00000000000000     
  0.000000000000000E+000   7.00000000000000     
  0.000000000000000E+000   8.00000000000000     
  0.000000000000000E+000   9.00000000000000     
  0.000000000000000E+000   10.0000000000000     
  0.000000000000000E+000   11.0000000000000     
   1.00000000000000       0.000000000000000E+000
   1.00000000000000        1.00000000000000     
   1.00000000000000        2.00000000000000     
   1.00000000000000        3.00000000000000     
   1.00000000000000        4.00000000000000     
   1.00000000000000        5.00000000000000     
   1.00000000000000        6.00000000000000     
   1.00000000000000        7.00000000000000     
   1.00000000000000        8.00000000000000     
   1.00000000000000        9.00000000000000     
   1.00000000000000        10.0000000000000     
   1.00000000000000        11.0000000000000     
   2.00000000000000       0.000000000000000E+000
   2.00000000000000        1.00000000000000     
   2.00000000000000        2.00000000000000     
   2.00000000000000        3.00000000000000     
   2.00000000000000        4.00000000000000     
   2.00000000000000        5.00000000000000     
   2.00000000000000        6.00000000000000     
   2.00000000000000        7.00000000000000     
   2.00000000000000        8.00000000000000     
   2.00000000000000        9.00000000000000     
   2.00000000000000        10.0000000000000     
   2.00000000000000        11.0000000000000     
   3.00000000000000       0.000000000000000E+000
   3.00000000000000        1.00000000000000     
   3.00000000000000        2.00000000000000     
   3.00000000000000        3.00000000000000     
   3.00000000000000        4.00000000000000     
   3.00000000000000        5.00000000000000     
   3.00000000000000        6.00000000000000     
   3.00000000000000        7.00000000000000     
   3.00000000000000        8.00000000000000     
   3.00000000000000        9.00000000000000     
   3.00000000000000        10.0000000000000     
   3.00000000000000        11.0000000000000     
   4.00000000000000       0.000000000000000E+000
   4.00000000000000        1.00000000000000     
   4.00000000000000        2.00000000000000     
   4.00000000000000        3.00000000000000     
   4.00000000000000        4.00000000000000     
   4.00000000000000        5.00000000000000     
   4.00000000000000        6.00000000000000     
   4.00000000000000        7.00000000000000     
   4.00000000000000        8.00000000000000     
   4.00000000000000        9.00000000000000     
   4.00000000000000        10.0000000000000     
   4.00000000000000        11.0000000000000     
   5.00000000000000       0.000000000000000E+000
   5.00000000000000        1.00000000000000     
   5.00000000000000        2.00000000000000     
   5.00000000000000        3.00000000000000     
   5.00000000000000        4.00000000000000     
   5.00000000000000        5.00000000000000     
   5.00000000000000        6.00000000000000     
   5.00000000000000        7.00000000000000     
   5.00000000000000        8.00000000000000     
   5.00000000000000        9.00000000000000     
   5.00000000000000        10.0000000000000     
   5.00000000000000        11.0000000000000     
   6.00000000000000       0.000000000000000E+000
   6.00000000000000        1.00000000000000     
   6.00000000000000        2.00000000000000     
   6.00000000000000        3.00000000000000     
   6.00000000000000        4.00000000000000     
   6.00000000000000        5.00000000000000     
   6.00000000000000        6.00000000000000     
   6.00000000000000        7.00000000000000     
   6.00000000000000        8.00000000000000     
   6.00000000000000        9.00000000000000     
   6.00000000000000        10.0000000000000     
   6.00000000000000        11.0000000000000     
   7.00000000000000       0.000000000000000E+000
   7.00000000000000        1.00000000000000     
   7.00000000000000        2.00000000000000     
   7.00000000000000        3.00000000000000     
   7.00000000000000        4.00000000000000     
   7.00000000000000        5.00000000000000     
   7.00000000000000        6.00000000000000     
   7.00000000000000        7.00000000000000     
   7.00000000000000        8.00000000000000     
   7.00000000000000        9.00000000000000     
   7.00000000000000        10.0000000000000     
   7.00000000000000        11.0000000000000     
   8.00000000000000       0.000000000000000E+000
   8.00000000000000        1.00000000000000     
   8.00000000000000        2.00000000000000     
   8.00000000000000        3.00000000000000     
   8.00000000000000        4.00000000000000     
   8.00000000000000        5.00000000000000     
   8.00000000000000        6.00000000000000     
   8.00000000000000        7.00000000000000     
   8.00000000000000        8.00000000000000     
   8.00000000000000        9.00000000000000     
   8.00000000000000        10.0000000000000     
   8.00000000000000        11.0000000000000     
   9.00000000000000       0.000000000000000E+000
   9.00000000000000        1.00000000000000     
   9.00000000000000        2.00000000000000     
   9.00000000000000        3.00000000000000     
   9.00000000000000        4.00000000000000     
   9.00000000000000        5.00000000000000     
   9.00000000000000        6.00000000000000     
   9.00000000000000        7.00000000000000     
   9.00000000000000        8.00000000000000     
   9.00000000000000        9.00000000000000     
   9.00000000000000        10.0000000000000     
   9.00000000000000        11.0000000000000     
   10.0000000000000       0.000000000000000E+000
   10.0000000000000        1.00000000000000     
   10.0000000000000        2.00000000000000     
   10.0000000000000        3.00000000000000     
   10.0000000000000        4.00000000000000     
   10.0000000000000        5.00000000000000     
   10.0000000000000        6.00000000000000     
   10.0000000000000        7.00000000000000     
   10.0000000000000        8.00000000000000     
   10.0000000000000        9.00000000000000     
   10.0000000000000        10.0000000000000     
   10.0000000000000        11.0000000000000     
   11.0000000000000       0.000000000000000E+000
   11.0000000000000        1.00000000000000     
   11.0000000000000        2.00000000000000     
   11.0000000000000        3.00000000000000     
   11.0000000000000        4.00000000000000     
   11.0000000000000        5.00000000000000     
   11.0000000000000        6.00000000000000     
   11.0000000000000        7.00000000000000     
   11.0000000000000        8.00000000000000     
   11.0000000000000        9.00000000000000     
   11.0000000000000        10.0000000000000     
   11.0000000000000        11.0000000000000     
   12.0000000000000       0.000000000000000E+000
   12.0000000000000        1.00000000000000     
   12.0000000000000        2.00000000000000     
   12.0000000000000        3.00000000000000     
   12.0000000000000        4.00000000000000     
   12.0000000000000        5.00000000000000     
   12.0000000000000        6.00000000000000     
   12.0000000000000        7.00000000000000     
   12.0000000000000        8.00000000000000     
   12.0000000000000        9.00000000000000     
   12.0000000000000        10.0000000000000     
   12.0000000000000        11.0000000000000     
   13.0000000000000       0.000000000000000E+000
   13.0000000000000        1.00000000000000     
   13.0000000000000        2.00000000000000     
   13.0000000000000        3.00000000000000     
   13.0000000000000        4.00000000000000     
   13.0000000000000        5.00000000000000     
   13.0000000000000        6.00000000000000     
   13.0000000000000        7.00000000000000     
   13.0000000000000        8.00000000000000     
   13.0000000000000        9.00000000000000     
   13.0000000000000        10.0000000000000     
   13.0000000000000        11.0000000000000     
   14.0000000000000       0.000000000000000E+000
   14.0000000000000        1.00000000000000     
   14.0000000000000        2.00000000000000     
   14.0000000000000        3.00000000000000     
   14.0000000000000        4.00000000000000     
   14.0000000000000        5.00000000000000     
   14.0000000000000        6.00000000000000     
   14.0000000000000        7.00000000000000     
   14.0000000000000        8.00000000000000     
   14.0000000000000        9.00000000000000     
   14.0000000000000        10.0000000000000     
   14.0000000000000        11.0000000000000     
   15.0000000000000       0.000000000000000E+000
   15.0000000000000        1.00000000000000     
   15.0000000000000        2.00000000000000     
   15.0000000000000        3.00000000000000     
   15.0000000000000        4.00000000000000     
   15.0000000000000        5.00000000000000     
   15.0000000000000        6.00000000000000     
   15.0000000000000        7.00000000000000     
   15.0000000000000        8.00000000000000     
   15.0000000000000        9.00000000000000     
   15.0000000000000        10.0000000000000     
   15.0000000000000        11.0000000000000     
   16.0000000000000       0.000000000000000E+000
   16.0000000000000        1.00000000000000     
   16.0000000000000        2.00000000000000     
   16.0000000000000        3.00000000000000     
   16.0000000000000        4.00000000000000     
   16.0000000000000        5.00000000000000     
   16.0000000000000        6.00000000000000     
   16.0000000000000        7.00000000000000     
   16.0000000000000        8.00000000000000     
   16.0000000000000        9.00000000000000     
   16.0000000000000        10.0000000000000     
   16.0000000000000        11.0000000000000     
   17.0000000000000       0.000000000000000E+000
   17.0000000000000        1.00000000000000     
   17.0000000000000        2.00000000000000     
   17.0000000000000        3.00000000000000     
   17.0000000000000        4.00000000000000     
   17.0000000000000        5.00000000000000     
   17.0000000000000        6.00000000000000     
   17.0000000000000        7.00000000000000     
   17.0000000000000        8.00000000000000     
   17.0000000000000        9.00000000000000     
   17.0000000000000        10.0000000000000     
   17.0000000000000        11.0000000000000     
   18.0000000000000       0.000000000000000E+000
   18.0000000000000        1.00000000000000     
   18.0000000000000        2.00000000000000     
   18.0000000000000        3.00000000000000     
   18.0000000000000        4.00000000000000     
   18.0000000000000        5.00000000000000     
   18.0000000000000        6.00000000000000     
   18.0000000000000        7.00000000000000     
   18.0000000000000        8.00000000000000     
   18.0000000000000        9.00000000000000     
   18.0000000000000        10.0000000000000     
   18.0000000000000        11.0000000000000     
   19.0000000000000       0.000000000000000E+000
   19.0000000000000        1.00000000000000     
   19.0000000000000        2.00000000000000     
   19.0000000000000        3.00000000000000     
   19.0000000000000        4.00000000000000     
   19.0000000000000        5.00000000000000     
   19.0000000000000        6.00000000000000     
   19.0000000000000        7.00000000000000     
   19.0000000000000        8.00000000000000     
   19.0000000000000        9.00000000000000     
   19.0000000000000        10.0000000000000     
   19.0000000000000        11.0000000000000     
   20.0000000000000       0.000000000000000E+000
   20.0000000000000        1.00000000000000     
   20.0000000000000        2.00000000000000     
   20.0000000000000        3.00000000000000     
   20.0000000000000        4.00000000000000     
   20.0000000000000        5.00000000000000     
   20.0000000000000        6.00000000000000     
   20.0000000000000        7.00000000000000     
   20.0000000000000        8.00000000000000     
   20.0000000000000        9.00000000000000     
   20.0000000000000        10.0000000000000     
   20.0000000000000        11.0000000000000     
   21.0000000000000       0.000000000000000E+000
   21.0000000000000        1.00000000000000     
   21.0000000000000        2.00000000000000     
   21.0000000000000        3.00000000000000     
   21.0000000000000        4.00000000000000     
   21.0000000000000        5.00000000000000     
   21.0000000000000        6.00000000000000     
   21.0000000000000        7.00000000000000     
   21.0000000000000        8.00000000000000     
   21.0000000000000        9.00000000000000     
   21.0000000000000        10.0000000000000     
   21.0000000000000        11.0000000000000     
   22.0000000000000       0.000000000000000E+000
   22.0000000000000        1.00000000000000     
   22.0000000000000        2.00000000000000     
   22.0000000000000        3.00000000000000     
   22.0000000000000        4.00000000000000     
   22.0000000000000        5.00000000000000     
   22.0000000000000        6.00000000000000     
   22.0000000000000        7.00000000000000     
   22.0000000000000        8.00000000000000     
   22.0000000000000        9.00000000000000     
   22.0000000000000        10.0000000000000     
   22.0000000000000        11.0000000000000     
   23.0000000000000       0.000000000000000E+000
   23.0000000000000        1.00000000000000     
   23.0000000000000        2.00000000000000     
   23.0000000000000        3.00000000000000     
   23.0000000000000        4.00000000000000     
   23.0000000000000        5.00000000000000     
   23.0000000000000        6.00000000000000     
   23.0000000000000        7.00000000000000     
   23.0000000000000        8.00000000000000     
   23.0000000000000        9.00000000000000     
   23.0000000000000        10.0000000000000     
   23.0000000000000        11.0000000000000     
   24.0000000000000       0.000000000000000E+000
   24.0000000000000        1.00000000000000     
   24.0000000000000        2.00000000000000     
   24.0000000000000        3.00000000000000     
   24.0000000000000        4.00000000000000     
   24.0000000000000        5.00000000000000     
   24.0000000000000        6.00000000000000     
   24.0000000000000        7.00000000000000     
   24.0000000000000        8.00000000000000     
   24.0000000000000        9.00000000000000     
   24.0000000000000        10.0000000000000     
   24.0000000000000        11.0000000000000     
   25.0000000000000       0.000000000000000E+000
   25.0000000000000        1.00000000000000     
   25.0000000000000        2.00000000000000     
   25.0000000000000        3.00000000000000     
   25.0000000000000        4.00000000000000     
   25.0000000000000        5.00000000000000     
   25.0000000000000        6.00000000000000     
   25.0000000000000        7.00000000000000     
   25.0000000000000        8.00000000000000     
   25.0000000000000        9.00000000000000     
   25.0000000000000        10.0000000000000     
   25.0000000000000        11.0000000000000     
   26.0000000000000       0.000000000000000E+000
   26.0000000000000        1.00000000000000     
   26.0000000000000        2.00000000000000     
   26.0000000000000        3.00000000000000     
   26.0000000000000        4.00000000000000     
   26.0000000000000        5.00000000000000     
   26.0000000000000        6.00000000000000     
   26.0000000000000        7.00000000000000     
   26.0000000000000        8.00000000000000     
   26.0000000000000        9.00000000000000     
   26.0000000000000        10.0000000000000     
   26.0000000000000        11.0000000000000     
   27.0000000000000       0.000000000000000E+000
   27.0000000000000        1.00000000000000     
   27.0000000000000        2.00000000000000     
   27.0000000000000        3.00000000000000     
   27.0000000000000        4.00000000000000     
   27.0000000000000        5.00000000000000     
   27.0000000000000        6.00000000000000     
   27.0000000000000        7.00000000000000     
   27.0000000000000        8.00000000000000     
   27.0000000000000        9.00000000000000     
   27.0000000000000        10.0000000000000     
   27.0000000000000        11.0000000000000     
   28.0000000000000       0.000000000000000E+000
   28.0000000000000        1.00000000000000     
   28.0000000000000        2.00000000000000     
   28.0000000000000        3.00000000000000     
   28.0000000000000        4.00000000000000     
   28.0000000000000        5.00000000000000     
   28.0000000000000        6.00000000000000     
   28.0000000000000        7.00000000000000     
   28.0000000000000        8.00000000000000     
   28.0000000000000        9.00000000000000     
   28.0000000000000        10.0000000000000     
   28.0000000000000        11.0000000000000     
   29.0000000000000       0.000000000000000E+000
   29.0000000000000        1.00000000000000     
   29.0000000000000        2.00000000000000     
   29.0000000000000        3.00000000000000     
   29.0000000000000        4.00000000000000     
   29.0000000000000        5.00000000000000     
   29.0000000000000        6.00000000000000     
   29.0000000000000        7.00000000000000     
   29.0000000000000        8.00000000000000     
   29.0000000000000        9.00000000000000     
   29.0000000000000        10.0000000000000     
   29.0000000000000        11.0000000000000     
   30.0000000000000       0.000000000000000E+000
   30.0000000000000        1.00000000000000     
   30.0000000000000        2.00000000000000     
   30.0000000000000        3.00000000000000     
   30.0000000000000        4.00000000000000     
   30.0000000000000        5.00000000000000     
   30.0000000000000        6.00000000000000     
   30.0000000000000        7.00000000000000     
   30.0000000000000        8.00000000000000     
   30.0000000000000        9.00000000000000     
   30.0000000000000        10.0000000000000     
   30.0000000000000        11.0000000000000     
   31.0000000000000       0.000000000000000E+000
   31.0000000000000        1.00000000000000     
   31.0000000000000        2.00000000000000     
   31.0000000000000        3.00000000000000     
   31.0000000000000        4.00000000000000     
   31.0000000000000        5.00000000000000     
   31.0000000000000        6.00000000000000     
   31.0000000000000        7.00000000000000     
   31.0000000000000        8.00000000000000     
   31.0000000000000        9.00000000000000     
   31.0000000000000        10.0000000000000     
   31.0000000000000        11.0000000000000     
   32.0000000000000       0.000000000000000E+000
   32.0000000000000        1.00000000000000     
   32.0000000000000        2.00000000000000     
   32.0000000000000        3.00000000000000     
   32.0000000000000        4.00000000000000     
   32.0000000000000        5.00000000000000     
   32.0000000000000        6.00000000000000     
   32.0000000000000        7.00000000000000     
   32.0000000000000        8.00000000000000     
   32.0000000000000        9.00000000000000     
   32.0000000000000        10.0000000000000     
   32.0000000000000        11.0000000000000     
   33.0000000000000       0.000000000000000E+000
   33.0000000000000        1.00000000000000     
   33.0000000000000        2.00000000000000     
   33.0000000000000        3.00000000000000     
   33.0000000000000        4.00000000000000     
   33.0000000000000        5.00000000000000     
   33.0000000000000        6.00000000000000     
   33.0000000000000        7.00000000000000     
   33.0000000000000        8.00000000000000     
   33.0000000000000        9.00000000000000     
   33.0000000000000        10.0000000000000     
   33.0000000000000        11.0000000000000     
   34.0000000000000       0.000000000000000E+000
   34.0000000000000        1.00000000000000     
   34.0000000000000        2.00000000000000     
   34.0000000000000        3.00000000000000     
   34.0000000000000        4.00000000000000     
   34.0000000000000        5.00000000000000     
   34.0000000000000        6.00000000000000     
   34.0000000000000        7.00000000000000     
   34.0000000000000        8.00000000000000     
   34.0000000000000        9.00000000000000     
   34.0000000000000        10.0000000000000     
   34.0000000000000        11.0000000000000     
   35.0000000000000       0.000000000000000E+000
   35.0000000000000        1.00000000000000     
   35.0000000000000        2.00000000000000     
   35.0000000000000        3.00000000000000     
   35.0000000000000        4.00000000000000     
   35.0000000000000        5.00000000000000     
   35.0000000000000        6.00000000000000     
   35.0000000000000        7.00000000000000     
   35.0000000000000        8.00000000000000     
   35.0000000000000        9.00000000000000     
   35.0000000000000        10.0000000000000     
   35.0000000000000        11.0000000000000     
   36.0000000000000       0.000000000000000E+000
   36.0000000000000        1.00000000000000     
   36.0000000000000        2.00000000000000     
   36.0000000000000        3.00000000000000     
   36.0000000000000        4.00000000000000     
   36.0000000000000        5.00000000000000     
   36.0000000000000        6.00000000000000     
   36.0000000000000        7.00000000000000     
   36.0000000000000        8.00000000000000     
   36.0000000000000        9.00000000000000     
   36.0000000000000        10.0000000000000     
   36.0000000000000        11.0000000000000     
   37.0000000000000       0.000000000000000E+000
   37.0000000000000        1.00000000000000     
   37.0000000000000        2.00000000000000     
   37.0000000000000        3.00000000000000     
   37.0000000000000        4.00000000000000     
   37.0000000000000        5.00000000000000     
   37.0000000000000        6.00000000000000     
   37.0000000000000        7.00000000000000     
   37.0000000000000        8.00000000000000     
   37.0000000000000        9.00000000000000     
   37.0000000000000        10.0000000000000     
   37.0000000000000        11.0000000000000     
   38.0000000000000       0.000000000000000E+000
   38.0000000000000        1.00000000000000     
   38.0000000000000        2.00000000000000     
   38.0000000000000        3.00000000000000     
   38.0000000000000        4.00000000000000     
   38.0000000000000        5.00000000000000     
   38.0000000000000        6.00000000000000     
   38.0000000000000        7.00000000000000     
   38.0000000000000        8.00000000000000     
   38.0000000000000        9.00000000000000     
   38.0000000000000        10.0000000000000     
   38.0000000000000        11.0000000000000     
   39.0000000000000       0.000000000000000E+000
   39.0000000000000        1.00000000000000     
   39.0000000000000        2.00000000000000     
   39.0000000000000        3.00000000000000     
   39.0000000000000        4.00000000000000     
   39.0000000000000        5.00000000000000     
   39.0000000000000        6.00000000000000     
   39.0000000000000        7.00000000000000     
   39.0000000000000        8.00000000000000     
   39.0000000000000        9.00000000000000     
   39.0000000000000        10.0000000000000     
   39.0000000000000        11.0000000000000     
   40.0000000000000       0.000000000000000E+000
   40.0000000000000        1.00000000000000     
   40.0000000000000        2.00000000000000     
   40.0000000000000        3.00000000000000     
   40.0000000000000        4.00000000000000     
   40.0000000000000        5.00000000000000     
   40.0000000000000        6.00000000000000     
   40.0000000000000        7.00000000000000     
   40.0000000000000        8.00000000000000     
   40.0000000000000        9.00000000000000     
   40.0000000000000        10.0000000000000     
   40.0000000000000        11.0000000000000     
   41.0000000000000       0.000000000000000E+000
   41.0000000000000        1.00000000000000     
   41.0000000000000        2.00000000000000     
   41.0000000000000        3.00000000000000     
   41.0000000000000        4.00000000000000     
   41.0000000000000        5.00000000000000     
   41.0000000000000        6.00000000000000     
   41.0000000000000        7.00000000000000     
   41.0000000000000        8.00000000000000     
   41.0000000000000        9.00000000000000     
   41.0000000000000        10.0000000000000     
   41.0000000000000        11.0000000000000     
   42.0000000000000       0.000000000000000E+000
   42.0000000000000        1.00000000000000     
   42.0000000000000        2.00000000000000     
   42.0000000000000        3.00000000000000     
   42.0000000000000        4.00000000000000     
   42.0000000000000        5.00000000000000     
   42.0000000000000        6.00000000000000     
   42.0000000000000        7.00000000000000     
   42.0000000000000        8.00000000000000     
   42.0000000000000        9.00000000000000     
   42.0000000000000        10.0000000000000     
   42.0000000000000        11.0000000000000     
   43.0000000000000       0.000000000000000E+000
   43.0000000000000        1.00000000000000     
   43.0000000000000        2.00000000000000     
   43.0000000000000        3.00000000000000     
   43.0000000000000        4.00000000000000     
   43.0000000000000        5.00000000000000     
   43.0000000000000        6.00000000000000     
   43.0000000000000        7.00000000000000     
   43.0000000000000        8.00000000000000     
   43.0000000000000        9.00000000000000     
   43.0000000000000        10.0000000000000     
   43.0000000000000        11.0000000000000     
   44.0000000000000       0.000000000000000E+000
   44.0000000000000        1.00000000000000     
   44.0000000000000        2.00000000000000     
   44.0000000000000        3.00000000000000     
   44.0000000000000        4.00000000000000     
   44.0000000000000        5.00000000000000     
   44.0000000000000        6.00000000000000     
   44.0000000000000        7.00000000000000     
   44.0000000000000        8.00000000000000     
   44.0000000000000        9.00000000000000     
   44.0000000000000        10.0000000000000     
   44.0000000000000        11.0000000000000     
   45.0000000000000       0.000000000000000E+000
   45.0000000000000        1.00000000000000     
   45.0000000000000        2.00000000000000     
   45.0000000000000        3.00000000000000     
   45.0000000000000        4.00000000000000     
   45.0000000000000        5.00000000000000     
   45.0000000000000        6.00000000000000     
   45.0000000000000        7.00000000000000     
   45.0000000000000        8.00000000000000     
   45.0000000000000        9.00000000000000     
   45.0000000000000        10.0000000000000     
   45.0000000000000        11.0000000000000     
   46.0000000000000       0.000000000000000E+000
   46.0000000000000        1.00000000000000     
   46.0000000000000        2.00000000000000     
   46.0000000000000        3.00000000000000     
   46.0000000000000        4.00000000000000     
   46.0000000000000        5.00000000000000     
   46.0000000000000        6.00000000000000     
   46.0000000000000        7.00000000000000     
   46.0000000000000        8.00000000000000     
   46.0000000000000        9.00000000000000     
   46.0000000000000        10.0000000000000     
   46.0000000000000        11.0000000000000     
   47.0000000000000       0.000000000000000E+000
   47.0000000000000        1.00000000000000     
   47.0000000000000        2.00000000000000     
   47.0000000000000        3.00000000000000     
   47.0000000000000        4.00000000000000     
   47.0000000000000        5.00000000000000     
   47.0000000000000        6.00000000000000     
   47.0000000000000        7.00000000000000     
   47.0000000000000        8.00000000000000     
   47.0000000000000        9.00000000000000     
   47.0000000000000        10.0000000000000     
   47.0000000000000        11.0000000000000     
   48.0000000000000       0.000000000000000E+000
   48.0000000000000        1.00000000000000     
   48.0000000000000        2.00000000000000     
   48.0000000000000        3.00000000000000     
   48.0000000000000        4.00000000000000     
   48.0000000000000        5.00000000000000     
   48.0000000000000        6.00000000000000     
   48.0000000000000        7.00000000000000     
   48.0000000000000        8.00000000000000     
   48.0000000000000        9.00000000000000     
   48.0000000000000        10.0000000000000     
   48.0000000000000        11.0000000000000     
   49.0000000000000       0.000000000000000E+000
   49.0000000000000        1.00000000000000     
   49.0000000000000        2.00000000000000     
   49.0000000000000        3.00000000000000     
   49.0000000000000        4.00000000000000     
   49.0000000000000        5.00000000000000     
   49.0000000000000        6.00000000000000     
   49.0000000000000        7.00000000000000     
   49.0000000000000        8.00000000000000     
   49.0000000000000        9.00000000000000     
   49.0000000000000        10.0000000000000     
   49.0000000000000        11.0000000000000     
   50.0000000000000       0.000000000000000E+000
   50.0000000000000        1.00000000000000     
   50.0000000000000        2.00000000000000     
   50.0000000000000        3.00000000000000     
   50.0000000000000        4.00000000000000     
   50.0000000000000        5.00000000000000     
   50.0000000000000        6.00000000000000     
   50.0000000000000        7.00000000000000     
   50.0000000000000        8.00000000000000     
   50.0000000000000        9.00000000000000     
   50.0000000000000        10.0000000000000     
   50.0000000000000        11.0000000000000     
   51.0000000000000       0.000000000000000E+000
   51.0000000000000        1.00000000000000     
   51.0000000000000        2.00000000000000     
   51.0000000000000        3.00000000000000     
   51.0000000000000        4.00000000000000     
   51.0000000000000        5.00000000000000     
   51.0000000000000        6.00000000000000     
   51.0000000000000        7.00000000000000     
   51.0000000000000        8.00000000000000     
   51.0000000000000        9.00000000000000     
   51.0000000000000        10.0000000000000     
   51.0000000000000        11.0000000000000     
   52.0000000000000       0.000000000000000E+000
   52.0000000000000        1.00000000000000     
   52.0000000000000        2.00000000000000     
   52.0000000000000        3.00000000000000     
   52.0000000000000        4.00000000000000     
   52.0000000000000        5.00000000000000     
   52.0000000000000        6.00000000000000     
   52.0000000000000        7.00000000000000     
   52.0000000000000        8.00000000000000     
   52.0000000000000        9.00000000000000     
   52.0000000000000        10.0000000000000     
   52.0000000000000        11.0000000000000     
   53.0000000000000       0.000000000000000E+000
   53.0000000000000        1.00000000000000     
   53.0000000000000        2.00000000000000     
   53.0000000000000        3.00000000000000     
   53.0000000000000        4.00000000000000     
   53.0000000000000        5.00000000000000     
   53.0000000000000        6.00000000000000     
   53.0000000000000        7.00000000000000     
   53.0000000000000        8.00000000000000     
   53.0000000000000        9.00000000000000     
   53.0000000000000        10.0000000000000     
   53.0000000000000        11.0000000000000     
   54.0000000000000       0.000000000000000E+000
   54.0000000000000        1.00000000000000     
   54.0000000000000        2.00000000000000     
   54.0000000000000        3.00000000000000     
   54.0000000000000        4.00000000000000     
   54.0000000000000        5.00000000000000     
   54.0000000000000        6.00000000000000     
   54.0000000000000        7.00000000000000     
   54.0000000000000        8.00000000000000     
   54.0000000000000        9.00000000000000     
   54.0000000000000        10.0000000000000     
   54.0000000000000        11.0000000000000     
   55.0000000000000       0.000000000000000E+000
   55.0000000000000        1.00000000000000     
   55.0000000000000        2.00000000000000     
   55.0000000000000        3.00000000000000     
   55.0000000000000        4.00000000000000     
   55.0000000000000        5.00000000000000     
   55.0000000000000        6.00000000000000     
   55.0000000000000        7.00000000000000     
   55.0000000000000        8.00000000000000     
   55.0000000000000        9.00000000000000     
   55.0000000000000        10.0000000000000     
   55.0000000000000        11.0000000000000     
   56.0000000000000       0.000000000000000E+000
   56.0000000000000        1.00000000000000     
   56.0000000000000        2.00000000000000     
   56.0000000000000        3.00000000000000     
   56.0000000000000        4.00000000000000     
   56.0000000000000        5.00000000000000     
   56.0000000000000        6.00000000000000     
   56.0000000000000        7.00000000000000     
   56.0000000000000        8.00000000000000     
   56.0000000000000        9.00000000000000     
   56.0000000000000        10.0000000000000     
   56.0000000000000        11.0000000000000     
   57.0000000000000       0.000000000000000E+000
   57.0000000000000        1.00000000000000     
   57.0000000000000        2.00000000000000     
   57.0000000000000        3.00000000000000     
   57.0000000000000        4.00000000000000     
   57.0000000000000        5.00000000000000     
   57.0000000000000        6.00000000000000     
   57.0000000000000        7.00000000000000     
   57.0000000000000        8.00000000000000     
   57.0000000000000        9.00000000000000     
   57.0000000000000        10.0000000000000     
   57.0000000000000        11.0000000000000     
   58.0000000000000       0.000000000000000E+000
   58.0000000000000        1.00000000000000     
   58.0000000000000        2.00000000000000     
   58.0000000000000        3.00000000000000     
   58.0000000000000        4.00000000000000     
   58.0000000000000        5.00000000000000     
   58.0000000000000        6.00000000000000     
   58.0000000000000        7.00000000000000     
   58.0000000000000        8.00000000000000     
   58.0000000000000        9.00000000000000     
   58.0000000000000        10.0000000000000     
   58.0000000000000        11.0000000000000     
   59.0000000000000       0.000000000000000E+000
   59.0000000000000        1.00000000000000     
   59.0000000000000        2.00000000000000     
   59.0000000000000        3.00000000000000     
   59.0000000000000        4.00000000000000     
   59.0000000000000        5.00000000000000     
   59.0000000000000        6.00000000000000     
   59.0000000000000        7.00000000000000     
   59.0000000000000        8.00000000000000     
   59.0000000000000        9.00000000000000     
   59.0000000000000        10.0000000000000     
   59.0000000000000        11.0000000000000     
   60.0000000000000       0.000000000000000E+000
   60.0000000000000        1.00000000000000     
   60.0000000000000        2.00000000000000     
   60.0000000000000        3.00000000000000     
   60.0000000000000        4.00000000000000     
   60.0000000000000        5.00000000000000     
   60.0000000000000        6.00000000000000     
   60.0000000000000        7.00000000000000     
   60.0000000000000        8.00000000000000     
   60.0000000000000        9.00000000000000     
   60.0000000000000        10.0000000000000     
   60.0000000000000        11.0000000000000     
   61.0000000000000       0.000000000000000E+000
   61.0000000000000        1.00000000000000     
   61.0000000000000        2.00000000000000     
   61.0000000000000        3.00000000000000     
   61.0000000000000        4.00000000000000     
   61.0000000000000        5.00000000000000     
   61.0000000000000        6.00000000000000     
   61.0000000000000        7.00000000000000     
   61.0000000000000        8.00000000000000     
   61.0000000000000        9.00000000000000     
   61.0000000000000        10.0000000000000     
   61.0000000000000        11.0000000000000     
   62.0000000000000       0.000000000000000E+000
   62.0000000000000        1.00000000000000     
   62.0000000000000        2.00000000000000     
   62.0000000000000        3.00000000000000     
   62.0000000000000        4.00000000000000     
   62.0000000000000        5.00000000000000     
   62.0000000000000        6.00000000000000     
   62.0000000000000        7.00000000000000     
   62.0000000000000        8.00000000000000     
   62.0000000000000        9.00000000000000     
   62.0000000000000        10.0000000000000     
   62.0000000000000        11.0000000000000     
   63.0000000000000       0.000000000000000E+000
   63.0000000000000        1.00000000000000     
   63.0000000000000        2.00000000000000     
   63.0000000000000        3.00000000000000     
   63.0000000000000        4.00000000000000     
   63.0000000000000        5.00000000000000     
   63.0000000000000        6.00000000000000     
   63.0000000000000        7.00000000000000     
   63.0000000000000        8.00000000000000     
   63.0000000000000        9.00000000000000     
   63.0000000000000        10.0000000000000     
   63.0000000000000        11.0000000000000     
   64.0000000000000       0.000000000000000E+000
   64.0000000000000        1.00000000000000     
   64.0000000000000        2.00000000000000     
   64.0000000000000        3.00000000000000     
   64.0000000000000        4.00000000000000     
   64.0000000000000        5.00000000000000     
   64.0000000000000        6.00000000000000     
   64.0000000000000        7.00000000000000     
   64.0000000000000        8.00000000000000     
   64.0000000000000        9.00000000000000     
   64.0000000000000        10.0000000000000     
   64.0000000000000        11.0000000000000     
   65.0000000000000       0.000000000000000E+000
   65.0000000000000        1.00000000000000     
   65.0000000000000        2.00000000000000     
   65.0000000000000        3.00000000000000     
   65.0000000000000        4.00000000000000     
   65.0000000000000        5.00000000000000     
   65.0000000000000        6.00000000000000     
   65.0000000000000        7.00000000000000     
   65.0000000000000        8.00000000000000     
   65.0000000000000        9.00000000000000     
   65.0000000000000        10.0000000000000     
   65.0000000000000        11.0000000000000     
   66.0000000000000       0.000000000000000E+000
   66.0000000000000        1.00000000000000     
   66.0000000000000        2.00000000000000     
   66.0000000000000        3.00000000000000     
   66.0000000000000        4.00000000000000     
   66.0000000000000        5.00000000000000     
   66.0000000000000        6.00000000000000     
   66.0000000000000        7.00000000000000     
   66.0000000000000        8.00000000000000     
   66.0000000000000        9.00000000000000     
   66.0000000000000        10.0000000000000     
   66.0000000000000        11.0000000000000     
   67.0000000000000       0.000000000000000E+000
   67.0000000000000        1.00000000000000     
   67.0000000000000        2.00000000000000     
   67.0000000000000        3.00000000000000     
   67.0000000000000        4.00000000000000     
   67.0000000000000        5.00000000000000     
   67.0000000000000        6.00000000000000     
   67.0000000000000        7.00000000000000     
   67.0000000000000        8.00000000000000     
   67.0000000000000        9.00000000000000     
   67.0000000000000        10.0000000000000     
   67.0000000000000        11.0000000000000     
   68.0000000000000       0.000000000000000E+000
   68.0000000000000        1.00000000000000     
   68.0000000000000        2.00000000000000     
   68.0000000000000        3.00000000000000     
   68.0000000000000        4.00000000000000     
   68.0000000000000        5.00000000000000     
   68.0000000000000        6.00000000000000     
   68.0000000000000        7.00000000000000     
   68.0000000000000        8.00000000000000     
   68.0000000000000        9.00000000000000     
   68.0000000000000        10.0000000000000     
   68.0000000000000        11.0000000000000     
   69.0000000000000       0.000000000000000E+000
   69.0000000000000        1.00000000000000     
   69.0000000000000        2.00000000000000     
   69.0000000000000        3.00000000000000     
   69.0000000000000        4.00000000000000     
   69.0000000000000        5.00000000000000     
   69.0000000000000        6.00000000000000     
   69.0000000000000        7.00000000000000     
   69.0000000000000        8.00000000000000     
   69.0000000000000        9.00000000000000     
   69.0000000000000        10.0000000000000     
   69.0000000000000        11.0000000000000     
   70.0000000000000       0.000000000000000E+000
   70.0000000000000        1.00000000000000     
   70.0000000000000        2.00000000000000     
   70.0000000000000        3.00000000000000     
   70.0000000000000        4.00000000000000     
   70.0000000000000        5.00000000000000     
   70.0000000000000        6.00000000000000     
   70.0000000000000        7.00000000000000     
   70.0000000000000        8.00000000000000     
   70.0000000000000        9.00000000000000     
   70.0000000000000        10.0000000000000     
   70.0000000000000        11.0000000000000     
   71.0000000000000       0.000000000000000E+000
   71.0000000000000        1.00000000000000     
   71.0000000000000        2.00000000000000     
   71.0000000000000        3.00000000000000     
   71.0000000000000        4.00000000000000     
   71.0000000000000        5.00000000000000     
   71.0000000000000        6.00000000000000     
   71.0000000000000        7.00000000000000     
   71.0000000000000        8.00000000000000     
   71.0000000000000        9.00000000000000     
   71.0000000000000        10.0000000000000     
   71.0000000000000        11.0000000000000     
   72.0000000000000       0.000000000000000E+000
   72.0000000000000        1.00000000000000     
   72.0000000000000        2.00000000000000     
   72.0000000000000        3.00000000000000     
   72.0000000000000        4.00000000000000     
   72.0000000000000        5.00000000000000     
   72.0000000000000        6.00000000000000     
   72.0000000000000        7.00000000000000     
   72.0000000000000        8.00000000000000     
   72.0000000000000        9.00000000000000     
   72.0000000000000        10.0000000000000     
   72.0000000000000        11.0000000000000     
   73.0000000000000       0.000000000000000E+000
   73.0000000000000        1.00000000000000     
   73.0000000000000        2.00000000000000     
   73.0000000000000        3.00000000000000     
   73.0000000000000        4.00000000000000     
   73.0000000000000        5.00000000000000     
   73.0000000000000        6.00000000000000     
   73.0000000000000        7.00000000000000     
   73.0000000000000        8.00000000000000     
   73.0000000000000        9.00000000000000     
   73.0000000000000        10.0000000000000     
   73.0000000000000        11.0000000000000     
   74.0000000000000       0.000000000000000E+000
   74.0000000000000        1.00000000000000     
   74.0000000000000        2.00000000000000     
   74.0000000000000        3.00000000000000     
   74.0000000000000        4.00000000000000     
   74.0000000000000        5.00000000000000     
   74.0000000000000        6.00000000000000     
   74.0000000000000        7.00000000000000     
   74.0000000000000        8.00000000000000     
   74.0000000000000        9.00000000000000     
   74.0000000000000        10.0000000000000     
   74.0000000000000        11.0000000000000     
   75.0000000000000       0.000000000000000E+000
   75.0000000000000        1.00000000000000     
   75.0000000000000        2.00000000000000     
   75.0000000000000        3.00000000000000     
   75.0000000000000        4.00000000000000     
   75.0000000000000        5.00000000000000     
   75.0000000000000        6.00000000000000     
   75.0000000000000        7.00000000000000     
   75.0000000000000        8.00000000000000     
   75.0000000000000        9.00000000000000     
   75.0000000000000        10.0000000000000     
   75.0000000000000        11.0000000000000     
   76.0000000000000       0.000000000000000E+000
   76.0000000000000        1.00000000000000     
   76.0000000000000        2.00000000000000     
   76.0000000000000        3.00000000000000     
   76.0000000000000        4.00000000000000     
   76.0000000000000        5.00000000000000     
   76.0000000000000        6.00000000000000     
   76.0000000000000        7.00000000000000     
   76.0000000000000        8.00000000000000     
   76.0000000000000        9.00000000000000     
   76.0000000000000        10.0000000000000     
   76.0000000000000        11.0000000000000     
   77.0000000000000       0.000000000000000E+000
   77.0000000000000        1.00000000000000     
   77.0000000000000        2.00000000000000     
   77.0000000000000        3.00000000000000     
   77.0000000000000        4.00000000000000     
   77.0000000000000        5.00000000000000     
   77.0000000000000        6.00000000000000     
   77.0000000000000        7.00000000000000     
   77.0000000000000        8.00000000000000     
   77.0000000000000        9.00000000000000     
   77.0000000000000        10.0000000000000     
   77.0000000000000        11.0000000000000     
   78.0000000000000       0.000000000000000E+000
   78.0000000000000        1.00000000000000     
   78.0000000000000        2.00000000000000     
   78.0000000000000        3.00000000000000     
   78.0000000000000        4.00000000000000     
   78.0000000000000        5.00000000000000     
   78.0000000000000        6.00000000000000     
   78.0000000000000        7.00000000000000     
   78.0000000000000        8.00000000000000     
   78.0000000000000        9.00000000000000     
   78.0000000000000        10.0000000000000     
   78.0000000000000        11.0000000000000     
   79.0000000000000       0.000000000000000E+000
   79.0000000000000        1.00000000000000     
   79.0000000000000        2.00000000000000     
   79.0000000000000        3.00000000000000     
   79.0000000000000        4.00000000000000     
   79.0000000000000        5.00000000000000     
   79.0000000000000        6.00000000000000     
   79.0000000000000        7.00000000000000     
   79.0000000000000        8.00000000000000     
   79.0000000000000        9.00000000000000     
   79.0000000000000        10.0000000000000     
   79.0000000000000        11.0000000000000     
   80.0000000000000       0.000000000000000E+000
   80.0000000000000        1.00000000000000     
   80.0000000000000        2.00000000000000     
   80.0000000000000        3.00000000000000     
   80.0000000000000        4.00000000000000     
   80.0000000000000        5.00000000000000     
   80.0000000000000        6.00000000000000     
   80.0000000000000        7.00000000000000     
   80.0000000000000        8.00000000000000     
   80.0000000000000        9.00000000000000     
   80.0000000000000        10.0000000000000     
   80.0000000000000        11.0000000000000     
   81.0000000000000       0.000000000000000E+000
   81.0000000000000        1.00000000000000     
   81.0000000000000        2.00000000000000     
   81.0000000000000        3.00000000000000     
   81.0000000000000        4.00000000000000     
   81.0000000000000        5.00000000000000     
   81.0000000000000        6.00000000000000     
   81.0000000000000        7.00000000000000     
   81.0000000000000        8.00000000000000     
   81.0000000000000        9.00000000000000     
   81.0000000000000        10.0000000000000     
   81.0000000000000        11.0000000000000     
   82.0000000000000       0.000000000000000E+000
   82.0000000000000        1.00000000000000     
   82.0000000000000        2.00000000000000     
   82.0000000000000        3.00000000000000     
   82.0000000000000        4.00000000000000     
   82.0000000000000        5.00000000000000     
   82.0000000000000        6.00000000000000     
   82.0000000000000        7.00000000000000     
   82.0000000000000        8.00000000000000     
   82.0000000000000        9.00000000000000     
   82.0000000000000        10.0000000000000     
   82.0000000000000        11.0000000000000     
   83.0000000000000       0.000000000000000E+000
   83.0000000000000        1.00000000000000     
   83.0000000000000        2.00000000000000     
   83.0000000000000        3.00000000000000     
   83.0000000000000        4.00000000000000     
   83.0000000000000        5.00000000000000     
   83.0000000000000        6.00000000000000     
   83.0000000000000        7.00000000000000     
   83.0000000000000        8.00000000000000     
   83.0000000000000        9.00000000000000     
   83.0000000000000        10.0000000000000     
   83.0000000000000        11.0000000000000     
   84.0000000000000       0.000000000000000E+000
   84.0000000000000        1.00000000000000     
   84.0000000000000        2.00000000000000     
   84.0000000000000        3.00000000000000     
   84.0000000000000        4.00000000000000     
   84.0000000000000        5.00000000000000     
   84.0000000000000        6.00000000000000     
   84.0000000000000        7.00000000000000     
   84.0000000000000        8.00000000000000     
   84.0000000000000        9.00000000000000     
   84.0000000000000        10.0000000000000     
   84.0000000000000        11.0000000000000     
   85.0000000000000       0.000000000000000E+000
   85.0000000000000        1.00000000000000     
   85.0000000000000        2.00000000000000     
   85.0000000000000        3.00000000000000     
   85.0000000000000        4.00000000000000     
   85.0000000000000        5.00000000000000     
   85.0000000000000        6.00000000000000     
   85.0000000000000        7.00000000000000     
   85.0000000000000        8.00000000000000     
   85.0000000000000        9.00000000000000     
   85.0000000000000        10.0000000000000     
   85.0000000000000        11.0000000000000     
   86.0000000000000       0.000000000000000E+000
   86.0000000000000        1.00000000000000     
   86.0000000000000        2.00000000000000     
   86.0000000000000        3.00000000000000     
   86.0000000000000        4.00000000000000     
   86.0000000000000        5.00000000000000     
   86.0000000000000        6.00000000000000     
   86.0000000000000        7.00000000000000     
   86.0000000000000        8.00000000000000     
   86.0000000000000        9.00000000000000     
   86.0000000000000        10.0000000000000     
   86.0000000000000        11.0000000000000     
   87.0000000000000       0.000000000000000E+000
   87.0000000000000        1.00000000000000     
   87.0000000000000        2.00000000000000     
   87.0000000000000        3.00000000000000     
   87.0000000000000        4.00000000000000     
   87.0000000000000        5.00000000000000     
   87.0000000000000        6.00000000000000     
   87.0000000000000        7.00000000000000     
   87.0000000000000        8.00000000000000     
   87.0000000000000        9.00000000000000     
   87.0000000000000        10.0000000000000     
   87.0000000000000        11.0000000000000     
   88.0000000000000       0.000000000000000E+000
   88.0000000000000        1.00000000000000     
   88.0000000000000        2.00000000000000     
   88.0000000000000        3.00000000000000     
   88.0000000000000        4.00000000000000     
   88.0000000000000        5.00000000000000     
   88.0000000000000        6.00000000000000     
   88.0000000000000        7.00000000000000     
   88.0000000000000        8.00000000000000     
   88.0000000000000        9.00000000000000     
   88.0000000000000        10.0000000000000     
   88.0000000000000        11.0000000000000     
   89.0000000000000       0.000000000000000E+000
   89.0000000000000        1.00000000000000     
   89.0000000000000        2.00000000000000     
   89.0000000000000        3.00000000000000     
   89.0000000000000        4.00000000000000     
   89.0000000000000        5.00000000000000     
   89.0000000000000        6.00000000000000     
   89.0000000000000        7.00000000000000     
   89.0000000000000        8.00000000000000     
   89.0000000000000        9.00000000000000     
   89.0000000000000        10.0000000000000     
   89.0000000000000        11.0000000000000     
   90.0000000000000       0.000000000000000E+000
   90.0000000000000        1.00000000000000     
   90.0000000000000        2.00000000000000     
   90.0000000000000        3.00000000000000     
   90.0000000000000        4.00000000000000     
   90.0000000000000        5.00000000000000     
   90.0000000000000        6.00000000000000     
   90.0000000000000        7.00000000000000     
   90.0000000000000        8.00000000000000     
   90.0000000000000        9.00000000000000     
   90.0000000000000        10.0000000000000     
   90.0000000000000        11.0000000000000     
   91.0000000000000       0.000000000000000E+000
   91.0000000000000        1.00000000000000     
   91.0000000000000        2.00000000000000     
   91.0000000000000        3.00000000000000     
   91.0000000000000        4.00000000000000     
   91.0000000000000        5.00000000000000     
   91.0000000000000        6.00000000000000     
   91.0000000000000        7.00000000000000     
   91.0000000000000        8.00000000000000     
   91.0000000000000        9.00000000000000     
   91.0000000000000        10.0000000000000     
   91.0000000000000        11.0000000000000     
   92.0000000000000       0.000000000000000E+000
   92.0000000000000        1.00000000000000     
   92.0000000000000        2.00000000000000     
   92.0000000000000        3.00000000000000     
   92.0000000000000        4.00000000000000     
   92.0000000000000        5.00000000000000     
   92.0000000000000        6.00000000000000     
   92.0000000000000        7.00000000000000     
   92.0000000000000        8.00000000000000     
   92.0000000000000        9.00000000000000     
   92.0000000000000        10.0000000000000     
   92.0000000000000        11.0000000000000     
   93.0000000000000       0.000000000000000E+000
   93.0000000000000        1.00000000000000     
   93.0000000000000        2.00000000000000     
   93.0000000000000        3.00000000000000     
   93.0000000000000        4.00000000000000     
   93.0000000000000        5.00000000000000     
   93.0000000000000        6.00000000000000     
   93.0000000000000        7.00000000000000     
   93.0000000000000        8.00000000000000     
   93.0000000000000        9.00000000000000     
   93.0000000000000        10.0000000000000     
   93.0000000000000        11.0000000000000     
   94.0000000000000       0.000000000000000E+000
   94.0000000000000        1.00000000000000     
   94.0000000000000        2.00000000000000     
   94.0000000000000        3.00000000000000     
   94.0000000000000        4.00000000000000     
   94.0000000000000        5.00000000000000     
   94.0000000000000        6.00000000000000     
   94.0000000000000        7.00000000000000     
   94.0000000000000        8.00000000000000     
   94.0000000000000        9.00000000000000     
   94.0000000000000        10.0000000000000     
   94.0000000000000        11.0000000000000     
   95.0000000000000       0.000000000000000E+000
   95.0000000000000        1.00000000000000     
   95.0000000000000        2.00000000000000     
   95.0000000000000        3.00000000000000     
   95.0000000000000        4.00000000000000     
   95.0000000000000        5.00000000000000     
   95.0000000000000        6.00000000000000     
   95.0000000000000        7.00000000000000     
   95.0000000000000        8.00000000000000     
   95.0000000000000        9.00000000000000     
   95.0000000000000        10.0000000000000     
   95.0000000000000        11.0000000000000     
   96.0000000000000       0.000000000000000E+000
   96.0000000000000        1.00000000000000     
   96.0000000000000        2.00000000000000     
   96.0000000000000        3.00000000000000     
   96.0000000000000        4.00000000000000     
   96.0000000000000        5.00000000000000     
   96.0000000000000        6.00000000000000     
   96.0000000000000        7.00000000000000     
   96.0000000000000        8.00000000000000     
   96.0000000000000        9.00000000000000     
   96.0000000000000        10.0000000000000     
   96.0000000000000        11.0000000000000     
   97.0000000000000       0.000000000000000E+000
   97.0000000000000        1.00000000000000     
   97.0000000000000        2.00000000000000     
   97.0000000000000        3.00000000000000     
   97.0000000000000        4.00000000000000     
   97.0000000000000        5.00000000000000     
   97.0000000000000        6.00000000000000     
   97.0000000000000        7.00000000000000     
   97.0000000000000        8.00000000000000     
   97.0000000000000        9.00000000000000     
   97.0000000000000        10.0000000000000     
   97.0000000000000        11.0000000000000     
   98.0000000000000       0.000000000000000E+000
   98.0000000000000        1.00000000000000     
   98.0000000000000        2.00000000000000     
   98.0000000000000        3.00000000000000     
   98.0000000000000        4.00000000000000     
   98.0000000000000        5.00000000000000     
   98.0000000000000        6.00000000000000     
   98.0000000000000        7.00000000000000     
   98.0000000000000        8.00000000000000     
   98.0000000000000        9.00000000000000     
   98.0000000000000        10.0000000000000     
   98.0000000000000        11.0000000000000     
   99.0000000000000       0.000000000000000E+000
   99.0000000000000        1.00000000000000     
   99.0000000000000        2.00000000000000     
   99.0000000000000        3.00000000000000     
   99.0000000000000        4.00000000000000     
   99.0000000000000        5.00000000000000     
   99.0000000000000        6.00000000000000     
   99.0000000000000        7.00000000000000     
   99.0000000000000        8.00000000000000     
   99.0000000000000        9.00000000000000     
   99.0000000000000        10.0000000000000     
   99.0000000000000        11.0000000000000     
   100.000000000000       0.000000000000000E+000
   100.000000000000        1.00000000000000     
   100.000000000000        2.00000000000000     
   100.000000000000        3.00000000000000     
   100.000000000000        4.00000000000000     
   100.000000000000        5.00000000000000     
   100.000000000000        6.00000000000000     
   100.000000000000        7.00000000000000     
   100.000000000000        8.00000000000000     
   100.000000000000        9.00000000000000     
   100.000000000000        10.0000000000000     
   100.000000000000        11.0000000000000     
   101.000000000000       0.000000000000000E+000
   101.000000000000        1.00000000000000     
   101.000000000000        2.00000000000000     
   101.000000000000        3.00000000000000     
   101.000000000000        4.00000000000000     
   101.000000000000        5.00000000000000     
   101.000000000000        6.00000000000000     
   101.000000000000        7.00000000000000     
   101.000000000000        8.00000000000000     
   101.000000000000        9.00000000000000     
   101.000000000000        10.0000000000000     
   101.000000000000        11.0000000000000     
   102.000000000000       0.000000000000000E+000
   102.000000000000        1.00000000000000     
   102.000000000000        2.00000000000000     
   102.000000000000        3.00000000000000     
   102.000000000000        4.00000000000000     
   102.000000000000        5.00000000000000     
   102.000000000000        6.00000000000000     
   102.000000000000        7.00000000000000     
   102.000000000000        8.00000000000000     
   102.000000000000        9.00000000000000     
   102.000000000000        10.0000000000000     
   102.000000000000        11.0000000000000     
   103.000000000000       0.000000000000000E+000
   103.000000000000        1.00000000000000     
   103.000000000000        2.00000000000000     
   103.000000000000        3.00000000000000     
   103.000000000000        4.00000000000000     
   103.000000000000        5.00000000000000     
   103.000000000000        6.00000000000000     
   103.000000000000        7.00000000000000     
   103.000000000000        8.00000000000000     
   103.000000000000        9.00000000000000     
   103.000000000000        10.0000000000000     
   103.000000000000        11.0000000000000     
   104.000000000000       0.000000000000000E+000
   104.000000000000        1.00000000000000     
   104.000000000000        2.00000000000000     
   104.000000000000        3.00000000000000     
   104.000000000000        4.00000000000000     
   104.000000000000        5.00000000000000     
   104.000000000000        6.00000000000000     
   104.000000000000        7.00000000000000     
   104.000000000000        8.00000000000000     
   104.000000000000        9.00000000000000     
   104.000000000000        10.0000000000000     
   104.000000000000        11.0000000000000     
   105.000000000000       0.000000000000000E+000
   105.000000000000        1.00000000000000     
   105.000000000000        2.00000000000000     
   105.000000000000        3.00000000000000     
   105.000000000000        4.00000000000000     
   105.000000000000        5.00000000000000     
   105.000000000000        6.00000000000000     
   105.000000000000        7.00000000000000     
   105.000000000000        8.00000000000000     
   105.000000000000        9.00000000000000     
   105.000000000000        10.0000000000000     
   105.000000000000        11.0000000000000     
