     0.00000         0.00000    
    0.804343E-01   -0.147384    
   -0.424675E-02   -0.184738    
    0.117908       -0.150221    
    0.339311E-01   -0.122666    
    0.350926E-01   -0.126460    
   -0.132828        0.102381    
    0.416249E-02   -0.651389E-01
    0.462433E-01   -0.631512E-01
    0.151943        0.284703E-01
    0.145075        0.920229E-01
    0.939726E-01    0.152844    
    0.661943E-02    0.911082E-01
   -0.388693E-02    0.990496E-01
    0.106080       -0.225272E-01
    0.914592E-01   -0.841614E-01
    0.729823E-01   -0.264688E-01
    0.989322E-01   -0.158418E-01
    0.111223       -0.849989E-01
    0.889328E-01   -0.686693E-01
    0.844216E-01   -0.656844E-01
    0.517442E-01   -0.693586E-01
   -0.253535E-01    0.139395E-01
    0.747365E-01    0.324055E-01
    0.198064        0.140199    
    0.226444        0.241807    
    0.177702        0.366009    
    0.180215        0.343950    
    0.133424        0.404136    
    0.105352        0.400639    
    0.174376        0.147160    
    0.193409        0.135460    
    0.287184        0.114130    
    0.329635        0.175396    
    0.265485        0.288224    
    0.259026        0.327949    
    0.360916        0.232241    
    0.369153        0.116264    
    0.362001        0.143275    
    0.349896        0.168737    
    0.329077        0.175621    
    0.383054        0.216031    
    0.386469        0.227654    
    0.378237        0.225198    
    0.295910        0.157841    
    0.296691        0.157690    
    0.334338        0.112254    
    0.355500        0.143793    
    0.327694        0.106179    
    0.363970        0.132309    
    0.462645        0.251006    
    0.302412        0.816480E-01
    0.392798        0.643348E-01
    0.393337        0.597229E-01
    0.455450        0.960878E-01
    0.443563        0.156742    
    0.419359        0.140169    
    0.461550        0.809952E-01
    0.602618       -0.715222E-02
    0.684405        0.127748E-01
    0.708667       -0.541853E-01
    0.676004       -0.144962    
    0.706598       -0.190413    
    0.739537       -0.102720    
    0.717135       -0.230519    
    0.936701       -0.277223    
    0.916442       -0.316240    
    0.913098       -0.331163    
    0.919965       -0.430252    
    0.954011       -0.476182    
    0.799765       -0.569668    
    0.899872       -0.625438    
    0.883479       -0.717817    
    0.991549       -0.659697    
     1.00195       -0.676691    
     1.04998       -0.707877    
     1.05624       -0.831430    
    0.916804       -0.806046    
    0.986448       -0.743989    
     1.06756       -0.776773    
     1.18851       -0.723977    
    0.856835       -0.695902    
    0.876830       -0.772716    
    0.872980       -0.757905    
    0.624547       -0.774011    
    0.583543       -0.831509    
    0.576634       -0.913045    
    0.590380       -0.981113    
    0.573538       -0.947540    
    0.567916       -0.955440    
    0.545569       -0.946882    
    0.553980       -0.955862    
    0.603443       -0.907080    
    0.555581       -0.930830    
    0.490015       -0.940960    
    0.632570       -0.737671    
    0.735826       -0.642884    
    0.864611       -0.616102    
    0.853302       -0.615036    
    0.851192       -0.547668    
     1.09954       -0.419793    
     1.10897       -0.409850    
     1.24791       -0.360356    
     1.18806       -0.237859    
     1.19329       -0.244307    
     1.19328       -0.296067    
     1.27717       -0.381024    
     1.25328       -0.382770    
     1.26167       -0.456957    
     1.20672       -0.497451    
     1.32482       -0.522096    
     1.31186       -0.509512    
     1.25097       -0.484194    
     1.22263       -0.487907    
     1.21377       -0.482088    
     1.15148       -0.631221    
     1.18244       -0.641723    
     1.30717       -0.764386    
     1.36586       -0.702899    
     1.30833       -0.615161    
     1.24734       -0.638342    
     1.27937       -0.607518    
     1.31430       -0.534052    
     1.36095       -0.580359    
     1.34335       -0.545693    
     1.35906       -0.555987    
     1.35415       -0.553748    
     1.37074       -0.566780    
     1.35648       -0.568455    
     1.36247       -0.564236    
     1.37959       -0.547836    
     1.26196       -0.679595    
     1.27316       -0.598031    
     1.27067       -0.599473    
     1.17993       -0.566934    
     1.16139       -0.587455    
     1.15498       -0.606342    
     1.18969       -0.603122    
     1.13647       -0.614882    
     1.09218       -0.548109    
     1.13818       -0.559516    
     1.13828       -0.575799    
     1.14409       -0.629516    
     1.16799       -0.586259    
     1.19913       -0.566521    
     1.09550       -0.613000    
     1.12868       -0.757203    
     1.09853       -0.844711    
     1.04936       -0.782436    
     1.00668       -0.823292    
    0.977966       -0.968111    
    0.972283       -0.961984    
    0.971802        -1.00390    
     1.16391       -0.918318    
     1.20123       -0.910259    
     1.20334       -0.911232    
     1.20972       -0.903152    
     1.19718       -0.915827    
     1.19014       -0.908943    
     1.20440       -0.911134    
     1.18340        -1.01030    
     1.25771        -1.01281    
     1.19631        -1.10933    
     1.20332        -1.10574    
     1.18154        -1.12510    
     1.06050        -1.19546    
     1.03863        -1.31619    
     1.09938        -1.30772    
     1.09984        -1.30773    
     1.02197        -1.41977    
     1.02352        -1.31806    
     1.02804        -1.33669    
     1.07055        -1.45525    
     1.04382        -1.41592    
     1.01697        -1.46858    
     1.14120        -1.37193    
     1.05866        -1.33103    
     1.08745        -1.29106    
     1.07965        -1.27405    
    0.919159        -1.26545    
    0.913564        -1.27716    
    0.837653        -1.28809    
    0.714269        -1.23049    
    0.757670        -1.28437    
    0.747502        -1.28368    
    0.653209        -1.23379    
    0.648562        -1.20731    
    0.612288        -1.15067    
    0.624718        -1.25324    
    0.633974        -1.23804    
    0.690039        -1.17585    
    0.647667        -1.14516    
    0.641902        -1.18038    
    0.706436        -1.15222    
    0.705314        -1.14990    
    0.721399        -1.13106    
    0.572136       -0.943597    
    0.600757       -0.958990    
    0.565108       -0.860831    
    0.538147       -0.833048    
    0.594488       -0.719866    
    0.607902       -0.835419    
    0.563229       -0.851045    
    0.550545       -0.927764    
    0.476196       -0.893940    
    0.548143       -0.971715    
    0.600654       -0.938106    
    0.711449       -0.871146    
    0.638279       -0.923085    
    0.743397       -0.945699    
    0.670469       -0.989409    
    0.621850       -0.962695    
    0.770962        -1.00277    
    0.797150        -1.01835    
    0.823916        -1.03773    
    0.915081        -1.05796    
    0.788551       -0.999106    
    0.834862       -0.865206    
    0.890261       -0.810157    
    0.959872       -0.789614    
     1.11592       -0.742400    
     1.16343       -0.751894    
     1.19264       -0.734696    
     1.30241       -0.791861    
     1.30269       -0.722407    
     1.31453       -0.737633    
     1.25928       -0.580299    
     1.18780       -0.769779    
     1.25602       -0.866686    
     1.36144       -0.902441    
     1.35411       -0.884745    
     1.34899       -0.860854    
     1.29436       -0.864008    
     1.27298       -0.799125    
     1.27138       -0.804480    
     1.30606       -0.728212    
     1.29747       -0.750138    
     1.20814       -0.694386    
     1.20974       -0.686473    
     1.12028       -0.786659    
    0.886349       -0.746174    
    0.962312       -0.783675    
    0.944983       -0.783987    
    0.946264       -0.763220    
    0.828401       -0.738071    
    0.868636       -0.809949    
    0.873085       -0.833127    
    0.936025       -0.775849    
    0.932678       -0.777292    
     1.02638       -0.867708    
     1.01739       -0.883563    
     1.04355       -0.973076    
     1.04912       -0.961199    
     1.05208       -0.953287    
     1.04174       -0.953126    
     1.03668       -0.944502    
     1.03859       -0.951324    
     1.02009       -0.857282    
    0.990230       -0.829876    
    0.925048       -0.793886    
    0.756423       -0.986625    
    0.716382       -0.928638    
    0.817027       -0.817474    
    0.841303       -0.772575    
    0.817958       -0.811747    
    0.815265       -0.779780    
    0.633425       -0.973177    
    0.691471       -0.973495    
    0.719824       -0.997095    
    0.766374        -1.00633    
    0.693424        -1.02260    
    0.744423        -1.09790    
    0.678090        -1.13943    
    0.771586        -1.14759    
    0.755531        -1.14227    
    0.796228        -1.19376    
    0.655806        -1.15091    
    0.679293        -1.12893    
    0.602381        -1.10859    
    0.659825        -1.09084    
    0.614480        -1.10017    
    0.660805        -1.07278    
    0.651295        -1.05841    
    0.628349        -1.05313    
    0.663799        -1.03934    
    0.626637        -1.14519    
    0.598450        -1.13999    
    0.675978        -1.07742    
    0.644670        -1.08208    
    0.669814        -1.07291    
    0.687377        -1.06950    
    0.669521        -1.09058    
    0.657731        -1.11823    
    0.654863        -1.16437    
    0.680808        -1.13971    
    0.704814        -1.11030    
    0.711000        -1.05447    
    0.643406        -1.06576    
    0.612585        -1.00537    
    0.716469       -0.772135    
    0.732402       -0.726884    
    0.759939       -0.731768    
    0.717813       -0.709671    
    0.726066       -0.674628    
    0.694140       -0.600862    
    0.834612       -0.612897    
    0.819536       -0.476075    
    0.757612       -0.373964    
    0.813313       -0.408166    
    0.839956       -0.410336    
    0.897164       -0.343990    
     1.02227       -0.372229    
     1.03577       -0.529108    
     1.17542       -0.498466    
     1.07054       -0.456340    
     1.14194       -0.581455    
     1.19086       -0.586130    
     1.15324       -0.598762    
     1.14215       -0.559732    
     1.09450       -0.599267    
     1.17726       -0.532221    
     1.18492       -0.677151    
     1.20508       -0.631207    
     1.16813       -0.524511    
     1.12174       -0.535137    
     1.13204       -0.555416    
     1.11965       -0.549414    
     1.21530       -0.415990    
     1.14544       -0.419518    
     1.14550       -0.419445    
     1.03409       -0.464905    
     1.06483       -0.412497    
     1.14750       -0.383894    
     1.14882       -0.384123    
     1.11025       -0.355998    
     1.18131       -0.309422    
     1.16679       -0.266677    
     1.10545       -0.278207    
     1.38570       -0.113141    
     1.43632       -0.867942E-01
     1.52050       -0.888264E-01
     1.55504       -0.811790E-01
     1.45247       -0.137836    
     1.43036       -0.141196    
     1.66823       -0.817754E-01
     1.72159       -0.683551E-01
     1.73911       -0.885749E-01
     1.77062       -0.100924    
     1.72906       -0.152018    
     1.75876       -0.810772E-01
     1.70979       -0.471866E-01
     1.65667        0.225513E-01
     1.76938        0.635394E-01
     1.76029        0.739023E-01
     1.46589        0.139177E-01
     1.59098       -0.268516E-01
     1.54626        0.965465E-01
     1.48659        0.113296    
     1.49738        0.116484    
     1.50217        0.265193E-01
     1.49787        0.326922E-01
     1.49683        0.332631E-01
     1.48371        0.171561    
     1.46324        0.120051    
     1.45176        0.170929    
     1.45061        0.168212    
     1.49278        0.171617    
     1.48510        0.155659    
     1.37081        0.179726    
     1.47217        0.630697E-01
     1.48950        0.220162E-01
     1.44786       -0.195843E-01
     1.41912       -0.394793E-01
     1.40023       -0.297695E-01
     1.37974       -0.349312E-01
     1.22421       -0.664712E-01
     1.30605       -0.309995E-01
     1.30805       -0.354400E-01
     1.30758       -0.399065E-01
     1.26659       -0.840918E-01
     1.25273       -0.950548E-01
     1.27949       -0.102199E-01
     1.30236        0.253354E-01
     1.24808        0.688369E-01
     1.26812        0.490773E-01
     1.25762        0.157142    
     1.15277        0.490071E-01
     1.24279        0.923105E-01
     1.27419        0.725807E-01
     1.30842        0.122178    
     1.32886        0.108767    
     1.27943        0.859870E-01
     1.33848        0.819930E-01
     1.30681        0.908644E-01
     1.30608        0.916095E-01
     1.34773       -0.566739E-02
     1.37644       -0.321431E-01
     1.26966       -0.128561    
     1.26315       -0.143690    
     1.23709       -0.897483E-01
     1.21426       -0.176695    
     1.28151       -0.154777    
     1.29929       -0.184246    
     1.40465       -0.147271    
     1.40284       -0.148136    
     1.49384       -0.175130    
     1.66339       -0.214748    
     1.64884       -0.215040    
     1.55679       -0.237331    
     1.61981       -0.181147E-01
     1.58971       -0.264472E-01
     1.59127       -0.244397E-01
     1.59792        0.170316    
     1.62339        0.161372    
     1.61599        0.158451    
     1.56364        0.176210    
     1.58975        0.153695    
     1.55684        0.124792    
     1.52592        0.164013    
     1.49942        0.209698    
     1.32044        0.144713    
     1.15630        0.284965    
     1.16543        0.372454    
     1.12818        0.351972    
     1.11796        0.377798    
     1.07942        0.364071    
     1.10953        0.289766    
     1.13468        0.350782    
     1.13186        0.217281    
     1.17101        0.273179    
     1.17995        0.212287    
     1.26838        0.247198    
     1.26029        0.169190    
     1.15778        0.243918    
     1.13786        0.279269    
     1.18096        0.158051    
     1.19440        0.155482    
     1.10343        0.317873    
     1.11734        0.236417    
     1.10464        0.259445    
     1.11020        0.256196    
     1.15048        0.203232    
     1.27219        0.214516    
     1.25175        0.263669    
     1.38043        0.737189E-01
     1.36430        0.568509E-01
     1.37942        0.218859E-01
     1.21060        0.843214E-02
     1.24834        0.354817E-01
     1.22633        0.830528E-02
     1.12022        0.432709E-01
     1.19333        0.596659E-02
     1.15483        0.124146    
     1.17509        0.940840E-02
     1.13799        0.833370E-01
     1.13809        0.770612E-01
     1.12028        0.433029E-01
     1.09879        0.123802    
     1.15604        0.981152E-01
     1.16374        0.130954    
     1.23169        0.204933    
     1.23236        0.214584    
     1.24975        0.217708    
     1.35220        0.288077    
     1.39072        0.262067    
     1.45567        0.603000E-01
     1.48724        0.189325    
     1.52008        0.210666    
     1.45096        0.734131E-01
     1.42606        0.471946E-01
     1.50084        0.225747    
     1.51930        0.220436    
     1.60261        0.233370    
     1.58804        0.241063    
     1.58297        0.228018    
     1.58366        0.231846    
     1.52947        0.377802    
     1.58755        0.333121    
     1.57149        0.314735    
     1.57213        0.310633    
     1.52983        0.254538    
     1.56527        0.198968    
     1.51619        0.191989    
     1.49383        0.444805E-01
     1.51956        0.283471E-01
     1.51559        0.244777    
     1.60143        0.231579    
     1.57040        0.319029    
     1.57414        0.318770    
     1.40913        0.324972    
     1.23382        0.558614    
     1.20347        0.391731    
     1.26550        0.361182    
     1.28713        0.348505    
     1.12363        0.278084    
     1.17565        0.149012    
     1.17604        0.149254    
     1.04648        0.754737E-01
    0.937111        0.182654    
    0.867019        0.153864    
    0.811718        0.922414E-01
    0.801674        0.587361E-01
    0.849729        0.713946E-02
    0.864660       -0.158205E-01
    0.858106       -0.189004E-01
    0.840777       -0.118570    
    0.837928       -0.135478    
    0.995694       -0.197502    
     1.02823       -0.226619    
     1.02951       -0.199712    
     1.11502       -0.270088    
     1.11860       -0.274468    
     1.08906       -0.307001    
     1.27833       -0.225895    
     1.28915       -0.247341    
     1.44573       -0.182427    
     1.38458       -0.221857    
     1.41471       -0.243465    
     1.31484       -0.282271    
     1.33126       -0.334502    
     1.35208       -0.392638    
     1.39163       -0.503047    
     1.30433       -0.466583    
     1.32620       -0.457816    
     1.25542       -0.310200    
     1.19698       -0.276070    
     1.24101       -0.300396    
     1.23957       -0.163927    
     1.16357       -0.222181    
     1.06756       -0.321879    
     1.09668       -0.322603    
     1.11824       -0.283351    
     1.07756       -0.127485    
     1.08535       -0.158627    
     1.07468       -0.205707    
     1.07636       -0.189242    
     1.04569       -0.172850    
     1.07463       -0.141080E-01
     1.00728       -0.214101E-01
     1.00235       -0.322404E-01
    0.903442       -0.113519    
    0.899172       -0.111242    
     1.01989       -0.107263    
     1.05583       -0.751111E-01
     1.07479       -0.480595E-01
     1.04249       -0.308894E-01
     1.05718       -0.124743    
     1.05280       -0.110697    
     1.07528        0.349305E-01
     1.04151        0.247957    
     1.04448        0.249965    
     1.04847        0.273881    
     1.05493        0.255719    
     1.01958        0.247157    
    0.970454        0.318943    
    0.982328        0.324567    
    0.958517        0.432916    
    0.989193        0.325208    
    0.999263        0.311969    
     1.00984        0.340852    
     1.03519        0.329242    
     1.04724        0.306672    
     1.04735        0.307099    
     1.02486        0.324257    
     1.05384        0.221052    
     1.03941        0.243625    
     1.08353        0.324802    
    0.987139        0.399447    
     1.06584        0.376856    
     1.05698        0.375684    
     1.11355        0.260504    
    0.992526        0.412179    
    0.986568        0.409633    
     1.04655        0.426202    
     1.03603        0.465018    
     1.10087        0.458887    
     1.08373        0.418007    
     1.00253        0.424418    
     1.03698        0.391495    
     1.10136        0.396268    
     1.10960        0.378096    
     1.06440        0.356219    
     1.03466        0.218106    
    0.994703        0.296461    
    0.970885        0.272400    
    0.908073        0.170963    
    0.755587        0.275933    
    0.846008        0.353948    
    0.871128        0.421426    
    0.891412        0.503722    
    0.902162        0.367748    
    0.888309        0.360915    
    0.837991        0.373260    
    0.858068        0.336015    
    0.942646        0.270955    
    0.934382        0.304396    
    0.913983        0.350626    
    0.940577        0.314769    
    0.831204        0.205506    
    0.855100        0.199624    
    0.861389        0.157566    
    0.844949        0.147926    
    0.833562        0.209797    
    0.814451        0.259118    
    0.725952        0.293588    
    0.715080        0.275945    
    0.678955        0.118891    
    0.677701        0.124912    
    0.698557        0.141583    
    0.690384        0.131077    
    0.640876        0.136695    
    0.658279        0.194301    
    0.628249        0.302745    
    0.598117        0.304107    
    0.535835        0.294936    
    0.603684        0.326982    
    0.545258        0.331546    
    0.531388        0.230497    
    0.500740        0.267132    
    0.593794        0.306325    
    0.684926        0.295374    
    0.681650        0.371653    
    0.688154        0.370995    
    0.647264        0.520967    
    0.581177        0.527974    
    0.582004        0.522426    
    0.585789        0.525097    
    0.636746        0.539630    
    0.577242        0.509740    
    0.612971        0.508696    
    0.586795        0.526466    
    0.528470        0.405949    
    0.497208        0.397388    
    0.665437        0.497321    
    0.769226        0.583233    
    0.668957        0.537256    
    0.657511        0.602972    
    0.730455        0.615576    
    0.611668        0.747967    
    0.581951        0.869893    
    0.587345        0.870751    
    0.731980        0.739000    
    0.729826        0.728295    
    0.612957        0.736464    
    0.668584        0.723586    
    0.595741        0.668214    
    0.475179        0.742501    
    0.446665        0.736763    
    0.446437        0.738167    
    0.429836        0.762029    
    0.574777        0.668160    
    0.633702        0.695890    
    0.637546        0.696694    
    0.614807        0.691122    
    0.616656        0.693586    
    0.656861        0.709074    
    0.703803        0.859823    
    0.638111        0.825861    
    0.616973        0.799673    
    0.639376        0.844728    
    0.717625        0.755508    
    0.813752        0.803980    
    0.851301        0.660315    
    0.869187        0.471026    
    0.947534        0.594490    
    0.914741        0.529634    
     1.18310        0.592942    
     1.18403        0.652971    
     1.21420        0.675356    
     1.10316        0.723152    
     1.12180        0.741377    
     1.14465        0.719296    
     1.16677        0.698478    
     1.29027        0.606288    
     1.29811        0.582897    
     1.30375        0.595391    
     1.26591        0.605974    
     1.26776        0.609038    
     1.18300        0.627265    
     1.17084        0.605921    
     1.24979        0.698295    
     1.31612        0.636854    
     1.25994        0.606571    
     1.25745        0.606593    
     1.26207        0.601597    
     1.10120        0.616578    
     1.01635        0.460122    
    0.976366        0.454496    
    0.976905        0.341042    
    0.964965        0.332632    
    0.872991        0.245530    
    0.862489        0.287586    
    0.910287        0.427537    
    0.951144        0.413919    
    0.842200        0.480078    
    0.819578        0.393277    
    0.778949        0.488997    
    0.783670        0.451297    
    0.775322        0.463946    
    0.716723        0.429840    
    0.642938        0.327122    
    0.746514        0.272107    
    0.753587        0.269747    
    0.982650        0.164733    
     1.02055        0.192667    
     1.07961        0.581510E-01
     1.10867        0.837142E-01
     1.08416        0.919483E-01
     1.09195        0.923930E-01
     1.04695        0.912677E-02
     1.01431       -0.164137E-01
     1.01477       -0.167367E-01
     1.00016       -0.373936E-01
     1.08586       -0.548498E-01
     1.09556       -0.468768E-01
     1.07729        0.756810E-01
    0.915956        0.107552    
    0.917011        0.447321E-01
    0.972319        0.112251    
    0.963337        0.783402E-01
     1.04290        0.229639    
     1.04466        0.232117    
     1.04333        0.218968    
     1.02648        0.238444    
     1.10152        0.220990    
     1.09113        0.285839    
     1.02688        0.267558    
     1.04604        0.263098    
     1.08714        0.257159    
    0.913987        0.326315    
    0.897091        0.304131    
    0.868725        0.309470    
    0.773119        0.197081    
    0.759388        0.193798    
    0.765623        0.191507    
    0.813834       -0.741079E-02
    0.819468        0.566648E-01
    0.819367        0.115277    
    0.819975        0.125234    
    0.935592        0.604771E-01
    0.931061        0.957611E-01
    0.976485        0.837528E-01
    0.823468        0.223462E-02
    0.775114        0.102592E-01
    0.822977       -0.101888E-01
    0.925990        0.168388    
    0.770409        0.168122    
    0.762170        0.158532    
    0.851303        0.222034    
    0.898050        0.194653    
    0.782336        0.185662    
    0.876223        0.217011    
    0.636188        0.336969    
    0.632934        0.394051    
    0.715189        0.403731    
    0.685504        0.428291    
    0.720921        0.581303    
    0.600009        0.638869    
    0.596743        0.638367    
    0.545259        0.582361    
    0.535662        0.596236    
    0.558698        0.561326    
    0.539056        0.599716    
    0.570873        0.540824    
    0.606504        0.536863    
    0.726589        0.591900    
    0.714806        0.495090    
    0.717444        0.491330    
    0.715581        0.497849    
    0.755014        0.443968    
    0.749118        0.432806    
    0.729559        0.411991    
    0.711195        0.485485    
    0.742846        0.476193    
    0.553361        0.387419    
    0.533430        0.349631    
    0.609029        0.441656    
    0.762207        0.387164    
    0.719717        0.393269    
    0.675981        0.294894    
    0.674904        0.290105    
    0.752961        0.280551    
    0.720016        0.290971    
    0.790096        0.132285    
    0.854545        0.833754E-01
    0.874482        0.991178E-01
    0.826010        0.203416    
    0.783977        0.118109    
    0.896627        0.105512    
    0.979305        0.138616    
    0.977284        0.132153    
    0.994789        0.623089E-01
     1.00792        0.328344E-01
    0.899620       -0.271722E-01
    0.909247       -0.239047E-01
    0.891120       -0.781912E-01
     1.03290       -0.618650E-01
     1.03405       -0.902547E-01
     1.06187       -0.167325    
     1.06625       -0.339211    
     1.07268       -0.339780    
     1.01570       -0.301264    
    0.994181       -0.284924    
     1.09739       -0.276892    
     1.06695       -0.122147    
    0.984560        0.235490E-01
    0.986825        0.154372E-01
    0.971131       -0.416108E-03
    0.996213        0.911857E-03
    0.997569       -0.184075E-02
     1.00140       -0.383887E-01
     1.02236       -0.462251E-01
    0.980660        0.666524E-01
    0.870036        0.103043    
    0.907661        0.177522    
    0.827297        0.201130    
    0.856514        0.121638    
    0.832055        0.887955E-01
    0.836364        0.941481E-01
    0.634719        0.244401E-01
    0.687618        0.150843E-01
    0.776860       -0.798366E-01
    0.818361        0.924097E-01
    0.826440        0.129038    
    0.795789       -0.470510E-01
    0.736563        0.268726E-01
    0.790919        0.103824    
    0.805141        0.184182    
    0.825195        0.187564    
    0.824439        0.148939    
    0.963265        0.186676    
    0.975320        0.208820    
     1.04222        0.221626    
     1.04164        0.242218    
    0.982383        0.265600    
     1.05062        0.266401    
     1.04070        0.241159    
     1.03897        0.209095    
     1.05670        0.249187    
     1.09912        0.243826    
     1.10477        0.196852    
     1.10732        0.182375    
     1.14459        0.107885    
     1.14485        0.111346    
     1.25892        0.232877    
     1.38032        0.337720    
     1.39014        0.355120    
     1.41957        0.357856    
     1.38344        0.277545    
     1.35741        0.249803    
     1.34603        0.139469    
     1.40876        0.163288    
     1.46796        0.177749    
     1.50402        0.218803    
     1.53513        0.309440    
     1.51108        0.261225    
     1.53449        0.183957    
     1.47405        0.155414    
     1.48574        0.159549    
     1.40778        0.202305    
     1.41437        0.235030    
     1.38708        0.227308    
     1.41329        0.286063    
     1.43360        0.269649    
     1.44835        0.343300    
     1.35410        0.421303    
     1.38777        0.248369    
     1.34622        0.350544    
     1.39723        0.370201    
     1.36454        0.391819    
     1.25223        0.273091    
     1.19557        0.263799    
     1.21151        0.306796    
     1.22680        0.305625    
     1.04654        0.217147    
     1.09290        0.171519    
     1.13787        0.293303    
     1.13600        0.316116    
     1.06050        0.317895    
     1.05615        0.333493    
     1.05103        0.303063    
     1.07495        0.304159    
    0.966125        0.238529    
     1.03382        0.222685    
     1.01846        0.219571    
     1.03404        0.221507    
     1.17349        0.286592    
     1.12440        0.334503    
     1.13693        0.384383    
     1.12671        0.360347    
     1.13045        0.334704    
     1.23153        0.272312    
     1.17317        0.131723    
     1.10883        0.146398    
     1.15431        0.248800    
     1.14023        0.309577    
     1.13910        0.362223    
     1.10815        0.219858    
     1.11961        0.137685    
     1.14908        0.289739    
     1.22037        0.229749    
     1.19250        0.235719    
     1.19242        0.151273    
     1.21422        0.140895    
     1.20597        0.150594    
     1.23619        0.176645    
     1.20653        0.172436    
     1.21691        0.151240    
     1.14056        0.742145E-02
     1.10277       -0.493929E-01
     1.03308       -0.348180E-01
    0.966702        0.586271E-01
    0.964927        0.622224E-01
    0.890350        0.936567E-01
    0.985821        0.168788    
    0.991097        0.457188E-01
     1.00935        0.633827E-01
     1.14754       -0.214122E-02
     1.23751        0.809726E-02
     1.31358       -0.529642E-01
     1.32223       -0.102073    
     1.36661       -0.173610    
     1.36143       -0.181875    
     1.35559       -0.168644    
     1.32444       -0.275423    
     1.33229       -0.322906    
     1.34741       -0.282092    
     1.26102       -0.358951    
     1.25010       -0.335934    
     1.35543       -0.370870    
     1.36405       -0.408311    
     1.42870       -0.411667    
     1.41746       -0.406171    
     1.42216       -0.416879    
     1.34320       -0.387119    
     1.38505       -0.486925    
     1.41180       -0.561625    
     1.59724       -0.558376    
     1.63584       -0.596125    
     1.56302       -0.704415    
     1.65739       -0.825966    
     1.65207       -0.821574    
     1.60451       -0.919481    
     1.53552       -0.958569    
     1.55385       -0.969334    
     1.45648       -0.954676    
     1.45965       -0.957897    
     1.46374       -0.940440    
     1.45878       -0.932429    
     1.45589       -0.934866    
     1.46111       -0.934020    
     1.49420       -0.969137    
     1.49780       -0.869042    
     1.62076       -0.929972    
     1.58503       -0.926454    
     1.45144        -1.13135    
     1.35403        -1.03642    
     1.45375       -0.895306    
     1.39843       -0.970453    
     1.38316       -0.927544    
     1.28324       -0.904008    
     1.28827       -0.734793    
     1.28552       -0.685703    
     1.24420       -0.597293    
     1.28195       -0.701634    
     1.22201       -0.671543    
     1.18304       -0.727073    
     1.34501       -0.770061    
     1.34548       -0.773336    
     1.31397       -0.639781    
     1.30067       -0.637528    
     1.26300       -0.670684    
     1.30008       -0.708779    
     1.05341       -0.813280    
     1.03409       -0.777616    
     1.08957       -0.775462    
     1.04849       -0.737642    
     1.02485       -0.666228    
     1.01301       -0.669465    
     1.00499       -0.662966    
     1.04973       -0.655496    
    0.988026       -0.400391    
    0.930705       -0.407360    
    0.888770       -0.453919    
    0.896998       -0.458263    
    0.798335       -0.273009    
    0.784742       -0.282473    
    0.729933       -0.294114    
    0.674794       -0.313169    
    0.675367       -0.311637    
    0.685874       -0.302571    
    0.718298       -0.320094    
    0.721795       -0.326106    
    0.773052       -0.324077    
    0.736520       -0.288751    
    0.712423       -0.287877    
    0.921731       -0.312625    
    0.981046       -0.340868    
     1.09795       -0.380798    
     1.12009       -0.476114    
     1.05244       -0.490347    
