  2.020175750901709E-002
  2.057189503608044E-002
  1.915771839645726E-002
  1.369848405797251E-002
  3.040568599487260E-003
  8.744845110837913E-003
  9.829910464450352E-003
  1.029217514347359E-002
  1.060449415525252E-002
  1.077200814786084E-002
  1.088212259316602E-002
  1.095783491314493E-002
  1.101282648244365E-002
  1.105581714701305E-002
  1.109189159615313E-002
  1.112407429832004E-002
  1.115361192061295E-002
  1.117998247899181E-002
  1.120039567320556E-002
  1.121086306769729E-002
  1.120884892461444E-002
  4.293386959454889E-002
  8.410471874961663E-004
  7.332004700500881E-002
  3.553502585535323E-003
  9.173137049890034E-002
  7.019580450247810E-003
  9.786834561586946E-002
  1.100683992265104E-002
  9.106579657640658E-002
  1.597040368624255E-002
  7.263397557461083E-002
  1.851026710662478E-002
  4.280797132049701E-002
  2.180380088126885E-002
  1.187322288892516E-002
  1.786383212993838E-002
  1.770112258764220E-003
  5.617017948950171E-003
  2.819642585819426E-004
  1.325976270440628E-003
  1.531933116741662E-005
  1.781937787412150E-003
  2.268405547146261E-004
  1.163545534320992E-003
  1.423527774514009E-004
  9.061039235939204E-004
  2.398344795434847E-005
  7.508341155620268E-004
 -7.773046871572023E-006
  6.606885763486882E-004
  2.851272155494663E-006
  5.965178606123757E-004
  6.939930834703580E-006
  5.800713404021325E-004
  1.044334228266578E-005
  5.417561218974781E-004
  1.162564790101738E-005
  5.085350446688891E-004
  1.300567238147545E-005
  4.715226299907685E-004
  1.504239307549355E-005
  4.361532939956637E-004
  1.722594856557306E-005
  3.959279454792900E-004
  1.902908890646764E-005
  3.553248460492108E-004
  2.034989937207527E-005
  3.113280860290919E-004
  2.143021367397699E-005
  2.666051623858973E-004
  2.188822232134893E-005
  2.204270221755137E-004
  2.202123115251249E-005
  1.745095005814863E-004
  2.134214645203072E-005
  1.293618780472083E-004
  2.021691613739056E-005
  8.623888355418530E-005
  1.815188159800744E-005
  4.662605845081294E-005
  1.555047673788194E-005
  1.140492736019245E-005
  1.205593615555268E-005
 -1.736502197490295E-005
  8.057817095123619E-006
 -3.924593131277864E-005
  3.545575283697188E-006
 -5.226243496086034E-005
 -1.294314638498185E-006
 -5.658468718400789E-005
 -5.501608213424105E-006
 -5.201506699028253E-005
 -8.892671972761738E-006
 -3.961313364485772E-005
 -9.152381079790638E-006
 -2.273225961659323E-005
 -6.133470864147653E-006
 -6.133470864607731E-006
  1.639997525399083E-002
  4.017158063241961E-002
  1.739236882590168E-003
  6.898776164178327E-002
  6.182945023924687E-003
  1.694047533411221E-002
  8.631279529666588E-002
  1.226501016662805E-002
  9.212150850260881E-002
  1.887793137310666E-002
  1.553074560177686E-002
  8.626189127298567E-002
  2.561491638534803E-002
  6.958030584560357E-002
  2.944702209396167E-002
  1.186910075536570E-002
  4.692131873553492E-002
  2.997399859724545E-002
  2.316340722647574E-002
  2.523096096559805E-002
  9.099872735736720E-003
  8.150109434705314E-003
  1.509321266037261E-002
  3.208512913140096E-003
  8.844385916857704E-003
  9.777870216294844E-003
  1.648150790562258E-003
  6.925034290428607E-003
  1.062646699408902E-003
  4.913464224440465E-003
  9.913020446069039E-003
  6.771920645291208E-004
  3.492021732732711E-003
  3.669416020249273E-004
  2.757255277984718E-003
  1.040046909624123E-002
  2.171849757059794E-004
  2.335238549285963E-003
  1.562792897611208E-004
  2.016796493695201E-003
  1.064289782843190E-002
  1.305095463875412E-004
  1.782162740843588E-003
  1.112418744838213E-004
  1.590093203485448E-003
  1.079548086827021E-002
  1.023175243390346E-004
  1.424968815433506E-003
  9.584780337337175E-005
  1.284618876977999E-003
  1.090091798323049E-002
  9.529704944494908E-005
  1.155893435684279E-003
  9.505628082482430E-005
  1.035390599060588E-003
  1.097389116403405E-002
  9.690492828366100E-005
  9.183585872677695E-004
  9.744941324826357E-005
  8.055277569484523E-004
  1.102789255123309E-002
  9.846164619280500E-005
  6.943184009925520E-004
  9.755428775701617E-005
  5.864389952622079E-004
  1.107006870035883E-002
  9.593291646383814E-005
  4.811375022402620E-004
  9.183785362501479E-005
  3.806723390031301E-004
  1.110487833412593E-002
  8.608399642947953E-005
  2.856536417169973E-004
  7.755577761416629E-005
  1.986310300896224E-004
  1.113493055419000E-002
  6.675388054826389E-005
  1.211745039441389E-004
  5.342047790521875E-005
  5.560899091065550E-005
  1.116129249766571E-002
  3.782810551393262E-005
  3.931120689624558E-006
  2.101113802951159E-005
 -3.262891943236376E-005
  1.118360648616505E-002
  3.236734877221440E-006
 -5.264691110668351E-005
 -1.249443913545134E-005
 -5.743338386784198E-005
  1.120021499181618E-002
 -2.506415787561795E-005
 -4.792622064163544E-005
 -2.920108918415839E-005
 -2.921523129045182E-005
  1.120883128620628E-002
 -2.288101739960067E-005
 -9.234994834674746E-006
  1.120688096475962E-002
  3.647987144473824E-002
  2.305556590756013E-003
  6.296991000768752E-002
  7.766869943984326E-003
  7.906812495637364E-002
  1.516403472364716E-002
  8.481627549678897E-002
  2.263285610144358E-002
  7.985604601128149E-002
  3.006592084378269E-002
  6.647244763583492E-002
  3.406781057857122E-002
  4.810560955320412E-002
  3.433882819073195E-002
  2.946227514339448E-002
  3.066822386199927E-002
  1.636799813054891E-002
  2.267653060716815E-002
  9.222075996999405E-003
  1.637207674147843E-002
  5.250638054170852E-003
  1.265173666256188E-002
  2.996038298141271E-003
  9.609011865415719E-003
  1.788580570148510E-003
  7.209619937322497E-003
  1.146420698684204E-003
  5.722666789092202E-003
  7.810751746166213E-004
  4.812547258659421E-003
  5.951014299591887E-004
  4.062650825164256E-003
  4.638605588959240E-004
  3.512578587285466E-003
  3.804499734442113E-004
  3.067652858222720E-003
  3.269300910967910E-004
  2.711277346365548E-003
  2.962525950518934E-004
  2.403651735525303E-003
  2.759969544100646E-004
  2.140614586305459E-003
  2.643691085828397E-004
  1.899135210315660E-003
  2.563726713123648E-004
  1.679401649437757E-003
  2.509568370146278E-004
  1.471729140395234E-003
  2.458249789583515E-004
  1.276675155833562E-003
  2.399258443833873E-004
  1.090023229933778E-003
  2.318757786792372E-004
  9.133673519276799E-004
  2.207506102407308E-004
  7.458549041566007E-004
  2.057650494400244E-004
  5.897416327037032E-004
  1.863004872813984E-004
  4.462212225874033E-004
  1.620634934446870E-004
  3.179268843574747E-004
  1.331746240485146E-004
  2.069317326391268E-004
  1.000208748170345E-004
  1.156914602360942E-004
  6.415940188284298E-005
  4.572736369653442E-005
  2.717143307116203E-005
 -1.652930258714429E-006
 -6.896267588873372E-006
 -2.740687777310611E-005
 -3.418781109887538E-005
 -3.313940055315550E-005
 -4.736861770773752E-005
 -2.430440574079104E-005
 -3.949462717578801E-005
 -8.906453560905677E-006
  1.359329423317560E-002
  3.223363129481348E-002
  2.391451778213371E-003
  5.612268356311942E-002
  8.225206654748567E-003
  1.443559886797128E-002
  7.120068564451308E-002
  1.599053545867767E-002
  7.701106121054713E-002
  2.391334670911654E-002
  1.385051472258902E-002
  7.423541871431903E-002
  3.094874571379562E-002
  6.390994699953800E-002
  3.519481320491335E-002
  1.231761588683839E-002
  4.971628623934669E-002
  3.591579223183842E-002
  3.487799933378623E-002
  3.333412940022714E-002
  1.105728222721094E-002
  2.245839657257517E-002
  2.812374911126050E-002
  1.448099303982964E-002
  2.258814365855138E-002
  1.043336847384799E-002
  9.281764865826400E-003
  1.793584512812471E-002
  5.865671923717714E-003
  1.419524180346464E-002
  1.046005031863420E-002
  3.841850788306001E-003
  1.126924553332373E-002
  2.636899534025312E-003
  9.185720692738188E-003
  1.066765922967175E-002
  1.888824171020657E-003
  7.750801437774864E-003
  1.429053943190536E-003
  6.557373497812535E-003
  1.076341265264946E-002
  1.119107151620890E-003
  5.622932750197403E-003
  9.078519588731573E-004
  4.883628333091417E-003
  1.087248368631436E-002
  7.655578932572471E-004
  4.289222506024666E-003
  6.710195690814291E-004
  3.783236140254353E-003
  1.095016671174388E-002
  6.061719625833822E-004
  3.348867974145795E-003
  5.612155529881816E-004
  2.962426892335720E-003
  1.100878949051934E-002
  5.291352511420846E-004
  2.614543260009355E-003
  5.046897158898938E-004
  2.294774181034170E-003
  1.105460987340509E-002
  4.844368146627162E-004
  1.998177563838743E-003
  4.648957974868778E-004
  1.720156582271764E-003
  1.109144740722292E-002
  4.439813661810221E-004
  1.459359908086185E-003
  4.192743694742637E-004
  1.214893611255808E-003
  1.112235752875652E-002
  3.894943545546974E-004
  9.876886928851464E-004
  3.532333205299057E-004
  7.788480158084673E-004
  1.114914193387243E-002
  3.099438123745910E-004
  5.907863145909107E-004
  2.596375345595752E-004
  4.253793396076475E-004
  1.117259606980104E-002
  2.029292734227894E-004
  2.854781660320351E-004
  1.420195751056361E-004
  1.723679794202201E-004
  1.119255828316467E-002
  7.962303514763845E-005
  8.787065884052109E-005
  2.122202557784040E-005
  3.106445109037020E-005
  1.120802563511297E-002
 -2.695848676301239E-005
  5.532976972968700E-007
 -5.495718690564287E-005
 -8.775363980914232E-006
  1.121726512641704E-002
 -5.141036533130800E-005
 -4.712301095882986E-006
  1.121781544686719E-002
  2.774095375994922E-002
  2.282901997989636E-003
  4.909457859155832E-002
  7.838575554370187E-003
  6.299977484762580E-002
  1.545181839961038E-002
  6.930816077577974E-002
  2.308231791765935E-002
  6.820815978452083E-002
  2.998410378300501E-002
  6.114321386322380E-002
  3.444527082047476E-002
  5.041085989134292E-002
  3.593057312546117E-002
  3.852891941014604E-002
  3.467308400676090E-002
  2.775702430566702E-002
  3.108937532406909E-002
  1.932479931450648E-002
  2.667546654315070E-002
  1.334176975154899E-002
  2.216722478458904E-002
  9.177977385525072E-003
  1.835730760114893E-002
  6.460359087456334E-003
  1.516906495113427E-002
  4.706154040790902E-003
  1.265570592905376E-002
  3.489286342880790E-003
  1.077443125359859E-002
  2.659115323853677E-003
  9.208345352291758E-003
  2.088347019831044E-003
  7.931210988276399E-003
  1.698244676744425E-003
  6.901128191785711E-003
  1.424343631857066E-003
  6.062316656463558E-003
  1.235228341214009E-003
  5.341767148219871E-003
  1.097531987786066E-003
  4.724771660949134E-003
  9.991011828078898E-004
  4.177923709090866E-003
  9.254276023516671E-004
  3.690942241870487E-003
  8.695772091056180E-004
  3.245739729221469E-003
  8.230223088776660E-004
  2.837838319407246E-003
  7.815704020376589E-004
  2.457608271702581E-003
  7.400545106496264E-004
  2.104195145531720E-003
  6.956331458675244E-004
  1.773658372529671E-003
  6.450703709614147E-004
  1.467410284798050E-003
  5.867435520157054E-004
  1.184860604269463E-003
  5.190495084048410E-004
  9.288925645284952E-004
  4.421251914710550E-004
  7.006189739952859E-004
  3.564468268871192E-004
  5.033693454506739E-004
  2.649248631002573E-004
  3.382542084005801E-004
  1.711412837951633E-004
  2.077261476672099E-004
  8.219942552812720E-005
  1.110158412806365E-004
  6.321710447278957E-006
  4.770223153401904E-005
 -4.355465110810771E-005
  1.283150454187858E-005
 -5.270749377216287E-005
  8.932469654576122E-007
  1.215202789397260E-002
  2.376261128006003E-002
  2.026835423493221E-003
  4.252419654452722E-002
  7.150959350958093E-003
  1.297010325965637E-002
  5.546039140520095E-002
  1.411416017146646E-002
  6.195528893377125E-002
  2.135970902413764E-002
  1.293890232243229E-002
  6.250046306995781E-002
  2.787814005920186E-002
  5.788073542650553E-002
  3.247822071645392E-002
  1.229501296529804E-002
  4.992762484295265E-002
  3.471553245560971E-002
  4.057317019057153E-002
  3.449992621564753E-002
  1.152558124573220E-002
  3.132064982829716E-002
  3.228945640090927E-002
  2.342404635103024E-002
  2.899706907289096E-002
  1.106168862062101E-002
  1.722493173332638E-002
  2.518604532555722E-002
  1.262192299331945E-002
  2.165541029474656E-002
  1.093803162429383E-002
  9.319590620042171E-003
  1.854605543096695E-002
  7.028536917969599E-003
  1.585515986485770E-002
  1.089307095520223E-002
  5.387009297840341E-003
  1.365538873026827E-002
  4.198914204871713E-003
  1.180429396843757E-002
  1.092050057766172E-002
  3.352901975602982E-003
  1.026672951936911E-002
  2.747899887032680E-003
  8.989502386272699E-003
  1.097414082959229E-002
  2.311445951313662E-003
  7.926619093345836E-003
  1.995693024214855E-003
  7.004529670205340E-003
  1.101635515789887E-002
  1.762792908363376E-003
  6.206012824900278E-003
  1.589757818810291E-003
  5.499356985869885E-003
  1.105584111010302E-002
  1.458598514436583E-003
  4.869222706439143E-003
  1.356587093297491E-003
  4.295357369893418E-003
  1.108925064129715E-002
  1.272812822511710E-003
  3.770025677232685E-003
  1.199389766094992E-003
  3.282690119431969E-003
  1.111802928578684E-002
  1.129583119433774E-003
  2.830167650405074E-003
  1.058178502043508E-003
  2.407847238477426E-003
  1.114342232287140E-002
  9.809158844892535E-004
  2.015838469268003E-003
  8.946612968995109E-004
  1.653147166676708E-003
  1.116631455206473E-002
  7.973685253470207E-004
  1.322157099000153E-003
  6.883678170121744E-004
  1.023883687598054E-003
  1.118718697183554E-002
  5.684554355810134E-004
  7.617255670390094E-004
  4.404406947792171E-004
  5.370909635703516E-004
  1.120596977348927E-002
  3.092404807337278E-004
  3.528883328830623E-004
  1.826385692969641E-004
  2.091990355252312E-004
  1.122203901317531E-002
  7.144814138490080E-005
  1.063595337186956E-004
 -9.703177166108468E-006
  4.092752958083104E-005
  1.123411418552833E-002
 -4.160435692082439E-005
  8.591654393349299E-006
  1.124057179176922E-002
  2.012986037787593E-002
  1.743553083168523E-003
  3.663290424520268E-002
  6.208485239874922E-003
  4.843510394086380E-002
  1.248505049341910E-002
  5.517143928992620E-002
  1.908035338004175E-002
  5.686264397941573E-002
  2.526577350353480E-002
  5.429158059202314E-002
  2.991819289551529E-002
  4.860050938704082E-002
  3.268244086437692E-002
  4.126348899548972E-002
  3.340651261564560E-002
  3.359470081789799E-002
  3.227669369106822E-002
  2.651004933252081E-002
  3.003858771916357E-002
  2.060582148733025E-002
  2.705419274323472E-002
  1.588979034942125E-002
  2.401321362847490E-002
  1.225904702692102E-002
  2.113676315663106E-002
  9.520521274199343E-003
  1.850538678492571E-002
  7.477584392745601E-003
  1.619309005641978E-002
  5.956496033792243E-003
  1.420216505990058E-002
  4.836802315655176E-003
  1.249258212989113E-002
  4.013663477701661E-003
  1.102917730943103E-002
  3.396311414937119E-003
  9.782185854638661E-003
  2.936147958815826E-003
  8.688314066080605E-003
  2.588673699179857E-003
  7.728620253630843E-003
  2.326481684007647E-003
  6.873906424683674E-003
  2.123792501572779E-003
  6.107960950785132E-003
  1.964838442145997E-003
  5.408382047559067E-003
  1.833638549909882E-003
  4.767165036836585E-003
  1.720412633972087E-003
  4.171678253266389E-003
  1.615045457480984E-003
  3.618384732918999E-003
  1.510947816309225E-003
  3.100925446668205E-003
  1.401478579171225E-003
  2.619393478409189E-003
  1.282675138029197E-003
  2.171652807442802E-003
  1.150951453363228E-003
  1.760388450373706E-003
  1.005424644992650E-003
  1.386065598816774E-003
  8.461215880909480E-004
  1.052802297975717E-003
  6.764507284582685E-004
  7.619612942225989E-004
  5.013609316769143E-004
  5.177346125903329E-004
  3.302870992157476E-004
  3.205750353199145E-004
  1.749508257651684E-004
  1.728595244326329E-004
  5.295017313622594E-005
  7.187982475017566E-005
 -1.484787738982784E-005
  1.675756449924473E-005
  1.149037988291717E-002
  1.708509349411386E-002
  1.480491980820124E-003
  3.143361105687111E-002
  5.355797666435943E-003
  1.213425474895143E-002
  4.223501739914598E-002
  1.080798038506128E-002
  4.888235777662335E-002
  1.676085104729759E-002
  1.231229601467470E-002
  5.150183694510120E-002
  2.245297955809368E-002
  5.044429823068308E-002
  2.703544788106059E-002
  1.209665103991238E-002
  4.663251922006258E-002
  3.012819029984588E-002
  4.110190890936229E-002
  3.152980813835993E-002
  1.171540489733667E-002
  3.485205484037250E-002
  3.135709002273938E-002
  2.875707839852021E-002
  3.004991491148644E-002
  1.139460903736781E-002
  2.326491538588000E-002
  2.794243292917200E-002
  1.866782924070904E-002
  2.549809366641989E-002
  1.119135709081468E-002
  1.491161314429392E-002
  2.297673670651976E-002
  1.193292118363827E-002
  2.054280416664387E-002
  1.109464404801661E-002
  9.618012606222399E-003
  1.829030373710979E-002
  7.829629317704263E-003
  1.627695127712506E-002
  1.107334207865919E-002
  6.464597024097929E-003
  1.450139503222250E-002
  5.427766493098773E-003
  1.292813584872002E-002
  1.107339843998630E-002
  4.633982309481170E-003
  1.155054586446161E-002
  4.025467073325399E-003
  1.032440097532530E-002
  1.108709910370676E-002
  3.558047939005581E-003
  9.234755791546194E-003
  3.197307662238060E-003
  8.253664897582938E-003
  1.110691637460717E-002
  2.915146730742375E-003
  7.367015485908250E-003
  2.690425532433675E-003
  6.552370916752346E-003
  1.112688003416691E-002
  2.505027621869906E-003
  5.801745019821362E-003
  2.345177325852274E-003
  5.102276786600948E-003
  1.114671717651055E-002
  2.198939255417741E-003
  4.449824751171796E-003
  2.056852407408422E-003
  3.837461996390540E-003
  1.116596635457888E-002
  1.910942651227809E-003
  3.264877893263881E-003
  1.755097197146110E-003
  2.729690977917722E-003
  1.118481009568157E-002
  1.585044135944198E-003
  2.234525010849051E-003
  1.398341859182508E-003
  1.780047234373831E-003
  1.120344981907425E-002
  1.195173479669885E-003
  1.370735024473241E-003
  9.779717327265942E-004
  1.008775344793553E-003
  1.122189695633068E-002
  7.529045547520495E-004
  6.991384324255931E-004
  5.290782126956074E-004
  4.438836022647142E-004
  1.123986854858441E-002
  3.206967655332331E-004
  2.465806659085992E-004
  1.457139695708012E-004
  1.070960431023247E-004
  1.125660515111155E-002
  2.900149938392292E-005
  2.617407748954353E-005
  1.127127805247180E-002
  1.447304537894049E-002
  1.228781328274225E-003
  2.699318970729140E-002
  4.498793801450857E-003
  3.671834882971758E-002
  9.233597744202524E-003
  4.323677975578418E-002
  1.449538748641767E-002
  4.640287783506891E-002
  1.972127779920778E-002
  4.654199199705548E-002
  2.413406637965428E-002
  4.420433854981783E-002
  2.741219722796811E-002
  4.018892043300575E-002
  2.931512573039801E-002
  3.527977871739730E-002
  2.986284251507110E-002
  3.014232638794734E-002
  2.934630369014823E-002
  2.527373575494674E-002
  2.799380253507158E-002
  2.092560628157220E-002
  2.617340803621039E-002
  1.722791240641138E-002
  2.409631978891208E-002
  1.415852717555593E-002
  2.197702477936832E-002
  1.168817497962615E-002
  1.990582075345792E-002
  9.716806084684761E-003
  1.797724131235543E-002
  8.158955326121684E-003
  1.621542326985402E-002
  6.935770060148177E-003
  1.461102959014772E-002
  5.976680321931399E-003
  1.316488291422107E-002
  5.226814395356690E-003
  1.185738421387105E-002
  4.640186667416839E-003
  1.067440850742575E-002
  4.180593235501085E-003
  9.595855127844364E-003
  3.815385546963927E-003
  8.609448329826580E-003
  3.521648051576099E-003
  7.696079373808625E-003
  3.277826333493861E-003
  6.847694798838343E-003
  3.068116495910475E-003
  6.052544989028935E-003
  2.877466244258930E-003
  5.306283322727730E-003
  2.694684047239325E-003
  4.602068898924232E-003
  2.509278514712683E-003
  3.939611303298523E-003
  2.313891343768474E-003
  3.316497719168524E-003
  2.102264714086130E-003
  2.735773563577889E-003
  1.871358285784728E-003
  2.198266412261276E-003
  1.619887003808769E-003
  1.709510237367251E-003
  1.350571768186810E-003
  1.272195230244261E-003
  1.068699617668805E-003
  8.931521875811676E-004
  7.847763526827616E-004
  5.753326118818542E-004
  5.127712703333731E-004
  3.251227696871071E-004
  2.732958067163856E-004
  1.437051584765106E-004
  9.138969034497615E-005
  3.585787981101499E-005
  1.120571486279267E-002
  1.230979631851544E-002
  1.027691266241445E-003
  2.317493237941163E-002
  3.801623233341782E-003
  1.167802867841869E-002
  3.195916481149299E-002
  7.834130681317799E-003
  3.815880201902418E-002
  1.246563609925213E-002
  1.190442156346926E-002
  4.170410283034380E-002
  1.716589204574408E-002
  4.267513413628305E-002
  2.133946205759762E-002
  1.188543146520467E-002
  4.150935237710028E-002
  2.466169968597125E-002
  3.875048022359971E-002
  2.688468800600201E-002
  1.171210346853266E-002
  3.498519528649231E-002
  2.799068774219665E-002
  3.079865850353881E-002
  2.811370762938492E-002
  1.150594265541688E-002
  2.657763976122339E-002
  2.742712662596713E-002
  2.264182718068369E-002
  2.619791183159233E-002
  1.134255692853331E-002
  1.913128010592995E-002
  2.460472390054297E-002
  1.611364712104382E-002
  2.285395322356535E-002
  1.124123136878305E-002
  1.358517069793404E-002
  2.105014439855616E-002
  1.150849330113035E-002
  1.928577125705088E-002
  1.118406026547411E-002
  9.818386283723737E-003
  1.761121386225337E-002
  8.455857290466972E-003
  1.604010636168832E-002
  1.115713754704630E-002
  7.364820271785869E-003
  1.458664213996096E-002
  6.493598351180701E-003
  1.324485762342652E-002
  1.115076177123616E-002
  5.800309315536203E-003
  1.201030090045033E-002
  5.247735985601952E-003
  1.086602367098713E-002
  1.115367451889850E-002
  4.803846070638616E-003
  9.805674988761823E-003
  4.442464914743960E-003
  8.813137653283757E-003
  1.116198726024062E-002
  4.141228496743702E-003
  7.882732372032925E-003
  3.881188412515996E-003
  7.003327581366846E-003
  1.117350079851420E-002
  3.645920363545526E-003
  6.171800330849709E-003
  3.421373166833510E-003
  5.381429000429405E-003
  1.118694477199590E-002
  3.195774307172947E-003
  4.632645716630800E-003
  2.959191146635832E-003
  3.923265590443906E-003
  1.120208914856933E-002
  2.704524240181155E-003
  3.257038607622064E-003
  2.426463128490588E-003
  2.635451362806025E-003
  1.121898450490988E-002
  2.123639753051144E-003
  2.065008378712572E-003
  1.796880564891411E-003
  1.549793987731076E-003
  1.123780280989839E-002
  1.452426171719698E-003
  1.097983090633882E-003
  1.099396264791415E-003
  7.148333315460303E-004
  1.125863899210612E-002
  7.539288054146143E-004
  4.084702258213332E-004
  4.358343087000310E-004
  1.833952574263704E-004
  1.128126399149408E-002
  1.735839914660842E-004
  4.641016550516282E-005
  1.130545423139514E-002
  1.049679149020402E-002
  8.453535033171466E-004
  1.996943805269046E-002
  3.166325924797069E-003
  2.782184411623110E-002
  6.619389194889414E-003
  3.369288772063377E-002
  1.065510147244743E-002
  3.738193683161197E-002
  1.487851342247880E-002
  3.896868433460201E-002
  1.876297739516538E-002
  3.868024604718609E-002
  2.204090222304253E-002
  3.693319446172491E-002
  2.445188597797020E-002
  3.416532784076119E-002
  2.594149104092854E-002
  3.082570168113325E-002
  2.656668841950147E-002
  2.728793450277654E-002
  2.642892781701577E-002
  2.381721003348458E-002
  2.573118867101655E-002
  2.060889177514233E-002
  2.460990007833279E-002
  1.774064536317436E-002
  2.324827679601296E-002
  1.526003714911427E-002
  2.174751480869836E-002
  1.315176126548551E-002
  2.020513479869649E-002
  1.139253198156453E-002
  1.867654224786774E-002
  9.938346977284629E-003
  1.719926093521557E-002
  8.750790354078204E-003
  1.579144707766977E-002
  7.785469292154437E-003
  1.446285294742921E-002
  7.003847865021875E-003
  1.321459701962684E-002
  6.371497311423097E-003
  1.203873613461298E-002
  5.857116347890440E-003
  1.093151998382090E-002
  5.434599396567551E-003
  9.882942710681126E-003
  5.080011627420066E-003
  8.888138970789522E-003
  4.773205681399009E-003
  7.938928483862523E-003
  4.495446206955789E-003
  7.032681289567089E-003
  4.231203727581616E-003
  6.164266438741515E-003
  3.966325750936118E-003
  5.334501118268698E-003
  3.689481080734712E-003
  4.542254544449313E-003
  3.391213893188805E-003
  3.792050768987443E-003
  3.065282867813622E-003
  3.086376824322341E-003
  2.708148422500531E-003
  2.433239248552586E-003
  2.320534541074280E-003
  1.837954827368943E-003
  1.906872028676331E-003
  1.311149073206291E-003
  1.477307869251025E-003
  8.596401993424740E-004
  1.046695119870885E-003
  4.950473960244698E-004
  6.371450165137274E-004
  2.237611671476971E-004
  2.762743937914082E-004
  5.708382623126664E-005
  1.109629062854043E-002
  8.990206918380596E-003
  7.075034814079341E-004
  1.723475393112674E-002
  2.666854129439103E-003
  1.143506112909504E-002
  2.427542361176288E-002
  5.597587513579723E-003
  2.973369195241092E-002
  9.112477214445011E-003
  1.164404628003010E-002
  3.347038858611028E-002
  1.286170422218165E-002
  3.544133604770252E-002
  1.643922534865394E-002
  1.170238508744679E-002
  3.582622433703371E-002
  1.958978818196756E-002
  3.488518600091205E-002
  2.207836264877777E-002
  1.164327577046401E-002
  3.295328544156936E-002
  2.382467966952935E-002
  3.039016462191517E-002
  2.482621960955423E-002
  1.152975701071078E-002
  2.749104808264429E-002
  2.514178907709323E-002
  2.452488369534441E-002
  2.490509243646948E-002
  1.141405550636214E-002
  2.165729357483328E-002
  2.422522719112595E-002
  1.901548625239818E-002
  2.324675355985005E-002
  1.132135581332125E-002
  1.664999438606294E-002
  2.206503244724427E-002
  1.458744398453259E-002
  2.077467154045658E-002
  1.125764759226596E-002
  1.282076745301360E-002
  1.943441704241458E-002
  1.132914874075572E-002
  1.809254504085367E-002
  1.121970373564213E-002
  1.008558917070737E-002
  1.677581312467773E-002
  9.057412535770757E-003
  1.549989831772699E-002
  1.119924825679700E-002
  8.212159462836511E-003
  1.427472613983346E-002
  7.518780977010922E-003
  1.309832438053968E-002
  1.119047869092877E-002
  6.948996090473024E-003
  1.197234475635193E-002
  6.476359154624669E-003
  1.089034377262627E-002
  1.118981067640539E-002
  6.077520130343515E-003
  9.850906419109998E-003
  5.730607792772880E-003
  8.847250286380776E-003
  1.119439013871834E-002
  5.416305530671821E-003
  7.879003912395318E-003
  5.116619813595857E-003
  6.941922367231040E-003
  1.120294187630218E-002
  4.816376043002520E-003
  6.038383491751307E-003
  4.501456635330509E-003
  5.167987925002374E-003
  1.121502866127124E-002
  4.161467901879500E-003
  4.336724934676525E-003
  3.787249474725065E-003
  3.548237725452603E-003
  1.123074710250366E-002
  3.374888495286960E-003
  2.812228502108191E-003
  2.922291031421232E-003
  2.135978215920410E-003
  1.125054175288579E-002
  2.434485134197421E-003
  1.532183764943392E-003
  1.919208532488944E-003
  1.010631684743846E-003
  1.127495926044340E-002
  1.393146370023569E-003
  5.853563483189202E-004
  8.766925416813652E-004
  2.667144040379709E-004
  1.130433855820613E-002
  4.005821798607562E-004
  6.846158992613176E-005
  1.133898555238227E-002
  7.733783849035435E-003
  5.848726430153496E-004
  1.494167806005580E-002
  2.229874312262946E-003
  2.121761083395092E-002
  4.735306286339915E-003
  2.628020836368887E-002
  7.785394854101966E-003
  2.993733718992168E-002
  1.111711551342482E-002
  3.216151022202909E-002
  1.438213932429652E-002
  3.301998853839089E-002
  1.737132569730288E-002
  3.271187537366395E-002
  1.985943379386866E-002
  3.147146313306611E-002
  2.175882274455296E-002
  2.957678664142563E-002
  2.302985763369470E-002
  2.728094594695860E-002
  2.369638207096022E-002
  2.480263792115356E-002
  2.384347962839381E-002
  2.231758795801083E-002
  2.354971957095636E-002
  1.994009209019880E-002
  2.292961823995895E-002
  1.775367200576120E-002
  2.206288859099238E-002
  1.579145721217906E-002
  2.103880057343553E-002
  1.407452319449891E-002
  1.991244274756412E-002
  1.259303641257153E-002
  1.873745423477196E-002
  1.133553485262852E-002
  1.754404011156018E-002
  1.027757885389520E-002
  1.635509971353855E-002
  9.395682641853064E-003
  1.518435367410697E-002
  8.663209443496724E-003
  1.403762262609453E-002
  8.055408425213370E-003
  1.291883199113700E-002
  7.547422235123829E-003
  1.182688878909761E-002
  7.116009976762046E-003
  1.076202625797662E-002
  6.739247884045878E-003
  9.720766496874006E-003
  6.396535719452996E-003
  8.703734518519213E-003
  6.068865743298316E-003
  7.708945037692910E-003
  5.738881076726049E-003
  6.739591070951538E-003
  5.391051307283891E-003
  5.796982461677613E-003
  5.012278318714111E-003
  4.888315082129273E-003
  4.592146301241148E-003
  4.018920334520239E-003
  4.123833880258332E-003
  3.200513506035831E-003
  3.604677058018744E-003
  2.442333741099207E-003
  3.036941329403608E-003
  1.760190307134135E-003
  2.428964807515465E-003
  1.166162814778583E-003
  1.795214200192901E-003
  6.785387189382682E-004
  1.158134975979421E-003
  3.101936984946145E-004
  5.469865431085043E-004
  7.994216448130600E-005
  1.106493320371908E-002
  6.678107138137954E-003
  4.936982853957283E-004
  1.298131506621606E-002
  1.888814927134521E-003
  1.130850342994846E-002
  1.859129005473934E-002
  4.025026014426602E-003
  2.323643770199817E-002
  6.677710098557402E-003
  1.148288739558307E-002
  2.677363453397848E-002
  9.620705663339007E-003
  2.911718525706421E-002
  1.258543038977677E-002
  1.156534193003981E-002
  3.032120666059489E-002
  1.538046024821668E-002
  3.049410555180556E-002
  1.781266574379966E-002
  1.156399879851628E-002
  2.981597261135737E-002
  1.978608782818088E-002
  2.849658372431323E-002
  2.124026116999196E-002
  1.150858987186838E-002
  2.673400191664269E-002
  2.217496248414497E-002
  2.472667604933355E-002
  2.263474403188791E-002
  1.143240493042381E-002
  2.261949699856476E-002
  2.267387294233801E-002
  2.054029182737773E-002
  2.237785877867644E-002
  1.135930900251378E-002
  1.856609170248396E-002
  2.181127769424225E-002
  1.675346515828957E-002
  2.105241110393002E-002
  1.130061527770119E-002
  1.512806335181452E-002
  2.015216506867521E-002
  1.370046135446896E-002
  1.916256463820479E-002
  1.125828925228214E-002
  1.246602744574904E-002
  1.811617853946123E-002
  1.141270862017967E-002
  1.703946084437071E-002
  1.123044814658947E-002
  1.052318770546701E-002
  1.594979247373760E-002
  9.776569832789069E-003
  1.485756029975412E-002
  1.121432283962805E-002
  9.151806960423517E-003
  1.377022932357904E-002
  8.625987870008905E-003
  1.268949310924234E-002
  1.120686675991071E-002
  8.177413143562731E-003
  1.161855303521833E-002
  7.783656011829654E-003
  1.055582409117345E-002
  1.120597846619084E-002
  7.424231750047987E-003
  9.504104381194110E-003
  7.078128820131016E-003
  8.462659903740163E-003
  1.121054863024987E-002
  6.727211087446095E-003
  7.436524224641738E-003
  6.352965272681309E-003
  6.428100947062651E-003
  1.122018594435453E-002
  5.941223435339114E-003
  5.446532511503718E-003
  5.477937772942028E-003
  4.498732173349005E-003
  1.123521450407465E-002
  4.955538358663447E-003
  3.598771749630328E-003
  4.367509965147513E-003
  2.758401353106339E-003
  1.125646277838653E-002
  3.716292371439217E-003
  1.996315274297320E-003
  3.006734496189374E-003
  1.328266341102710E-003
  1.128503256741037E-002
  2.254876992904695E-003
  7.757946192047321E-004
  1.480680828146599E-003
  3.564914249239681E-004
  1.132190792112317E-002
  7.165758384063790E-004
  9.220584576010389E-005
  1.136786536149382E-002
  5.792806522636310E-003
  4.128871485665713E-004
  1.132554065898126E-002
  1.595378317565792E-003
  1.632475252297348E-002
  3.431308177661426E-003
  2.058275577693984E-002
  5.739120305655658E-003
  2.394012792049876E-002
  8.346731387384803E-003
  2.633285951281745E-002
  1.102802216012716E-002
  2.775662209841547E-002
  1.362684265628303E-002
  2.829417128058851E-002
  1.596706448071662E-002
  2.806119991814785E-002
  1.795825085572634E-002
  2.721995086801878E-002
  1.952625687746356E-002
  2.592930466607089E-002
  2.065490243025109E-002
  2.434859159680099E-002
  2.136058358365802E-002
  2.261491680346713E-002
  2.167648280232785E-002
  2.083764778605658E-002
  2.166378119839992E-002
  1.910460566288896E-002
  2.137236308775375E-002
  1.747014215421269E-002
  2.086709905324579E-002
  1.597529587757741E-002
  2.019287395324229E-002
  1.463544874526373E-002
  1.939771019844301E-002
  1.345963402536677E-002
  1.851330681114633E-002
  1.244154798806768E-002
  1.756808834475552E-002
  1.157283660019750E-002
  1.658053453605695E-002
  1.083697727230468E-002
  1.556456930076976E-002
  1.021718337585073E-002
  1.452946815853291E-002
  9.693003235901663E-003
  1.347997345857201E-002
  9.244138158647941E-003
  1.242082805758304E-002
  8.848867005336703E-003
  1.135294275536737E-002
  8.486061640980775E-003
  1.028021819956960E-002
  8.134065757010273E-003
  9.203846083341707E-003
  7.772586019241471E-003
  8.129964589275011E-003
  7.381641074687336E-003
  7.062726153105850E-003
  6.943865830970832E-003
  6.012847409051542E-003
  6.443524612533201E-003
  4.989260475489954E-003
  5.869215209037404E-003
  4.008600625728190E-003
  5.213246677341742E-003
  3.085153553614032E-003
  4.474175585189972E-003
  2.241541429718085E-003
  3.656966560462090E-003
  1.496557770632210E-003
  2.774491318108158E-003
  8.770267722643948E-004
  1.848698054040623E-003
  4.037964044391805E-004
  9.102176230874447E-004
  1.046771840286664E-004
  1.106742976316302E-002
  5.038549784597837E-003
  3.528162139454788E-004
  9.899491219940694E-003
  1.365564364993421E-003
  1.124542239132795E-002
  1.436437384367431E-002
  2.945523897495923E-003
  1.824211021771676E-002
  4.961743636047886E-003
  1.138576392496064E-002
  2.140972671395650E-002
  7.268538695808849E-003
  2.377874133140293E-002
  9.690543715585250E-003
  1.146916839716319E-002
  2.534622042723271E-002
  1.208904497633176E-002
  2.614468210086258E-002
  1.431614226978887E-002
  1.149389864418991E-002
  2.626338085589982E-002
  1.628242803170001E-002
  2.581689723496511E-002
  1.791189586879075E-002
  1.147287633040471E-002
  2.493018003059358E-002
  1.917595383035514E-002
  2.373704189361101E-002
  2.007145378634664E-002
  1.142593004160792E-002
  2.234938985080277E-002
  2.061467383884803E-002
  2.087418492066191E-002
  2.084598625997118E-002
  1.137091157483311E-002
  1.938719910877139E-002
  2.080172701928303E-002
  1.795323861690707E-002
  2.053334135389677E-002
  1.131946582111952E-002
  1.661125656151995E-002
  2.007805878532931E-002
  1.538944504874162E-002
  1.947883951779325E-002
  1.127724634223556E-002
  1.429994605462602E-002
  1.876431565753297E-002
  1.334642080753077E-002
  1.796308289783658E-002
  1.124578908219259E-002
  1.252466244020662E-002
  1.709339253776588E-002
  1.182441006609806E-002
  1.617085296552178E-002
  1.122431249391782E-002
  1.123210144164818E-002
  1.520580936757676E-002
  1.073014286069390E-002
  1.420493295140618E-002
  1.121137767061659E-002
  1.030010009056647E-002
  1.317421166841424E-002
  9.920442507102889E-003
  1.211617428117113E-002
  1.120575563401440E-002
  9.570464260602034E-003
  1.103595884822796E-002
  9.226710411532009E-003
  9.935912657133394E-003
  1.120666127379837E-002
  8.868152736986835E-003
  8.823629294900047E-003
  8.471401118447257E-003
  7.704470036872393E-003
  1.121401193244122E-002
  8.017721250269534E-003
  6.591140084575291E-003
  7.486752843250592E-003
  5.494414178766865E-003
  1.122848376166500E-002
  6.865796293780846E-003
  4.433762685045766E-003
  6.141934979528843E-003
  3.426504306914701E-003
  1.125141579040686E-002
  5.313365406832033E-003
  2.499012825640596E-003
  4.380189649231425E-003
  1.674601359644419E-003
  1.128460355016708E-002
  3.356694724416463E-003
  9.844239782398538E-004
  2.261546469695202E-003
  4.550844273665054E-004
  1.132979404853228E-002
  1.129100071813766E-003
  1.183130872492105E-004
  1.138819590953481E-002
  4.398817282605867E-003
  2.995596036185216E-004
  8.680792366479350E-003
  1.169169040178006E-003
  1.266148531901583E-002
  2.540141455028247E-003
  1.619120762793898E-002
  4.306767743942059E-003
  1.914598488377561E-002
  6.356660617494194E-003
  2.145727408449019E-002
  8.543520310323554E-003
  2.309319967438905E-002
  1.075409645480028E-002
  2.407818232773439E-002
  1.285755213678306E-002
  2.446256580214194E-002
  1.477368037695569E-002
  2.433515864808041E-002
  1.642514611745118E-002
  2.379045196243668E-002
  1.777791285538490E-002
  2.293545696217048E-002
  1.881457399547320E-002
  2.186804892295394E-002
  1.953930376757106E-002
  2.067770082304406E-002
  1.997529670564513E-002
  1.944020957328340E-002
  2.014754208926702E-002
  1.821339362984288E-002
  2.009450248569881E-002
  1.704364761309797E-002
  1.984602026423822E-002
  1.595911393818585E-002
  1.943816816347694E-002
  1.498067981551354E-002
  1.889616085965252E-002
  1.411498791223201E-002
  1.824613023348774E-002
  1.336461977322930E-002
  1.750563155686997E-002
  1.272265826278508E-002
  1.669001771197254E-002
  1.217978383087893E-002
  1.581012855732401E-002
  1.172077403789811E-002
  1.487331311361091E-002
  1.132892365926934E-002
  1.388630905060905E-002
  1.098363434282945E-002
  1.285245870364837E-002
  1.066364099878028E-002
  1.177772664243150E-002
  1.034495141094525E-002
  1.066526573310561E-002
  1.000408000935589E-002
  9.523738207299631E-003
  9.615887897170852E-003
  8.359646085307874E-003
  9.157590763883176E-003
  7.187473758498101E-003
  8.606452350467187E-003
  6.019864514631724E-003
  7.944595759488460E-003
  4.879426094676006E-003
  7.157052130345593E-003
  3.786344160960205E-003
  6.236573293239384E-003
  2.771991579732529E-003
  5.182743885173122E-003
  1.863468798197601E-003
  4.005445628178004E-003
  1.098757916061268E-003
  2.725476497348627E-003
  5.086447572308186E-004
  1.375214866008860E-003
  1.324217133625611E-004
  1.108394752388314E-002
  3.845290804374085E-003
  2.597469481933396E-004
  7.619706691709620E-003
  1.014218933637538E-003
  1.121713707969965E-002
  1.117328895727158E-002
  2.208525381142508E-003
  1.437226298409517E-002
  3.765060759899165E-003
  1.132915476684395E-002
  1.711868294041665E-002
  5.589249954885935E-003
  1.933544940150913E-002
  7.566663687728691E-003
  1.140495761901134E-002
  2.099737121647770E-002
  9.598348633152664E-003
  2.210189023729714E-002
  1.157554593648365E-002
  1.143951391051473E-002
  2.268800700140986E-002
  1.342292745036363E-002
  2.281360707200250E-002
  1.506853177626290E-002
  1.143727640340288E-002
  2.255328712053490E-002
  1.647373268591390E-002
  2.199221283317947E-002
  1.761306939652788E-002
  1.140926107759653E-002
  2.120974087264531E-002
  1.848087764371906E-002
  2.028695888885998E-002
  1.908742601013028E-002
  1.136788487376891E-002
  1.928783578988977E-002
  1.944732216613167E-002
  1.827200728680991E-002
  1.958821624577213E-002
  1.132335700245934E-002
  1.728105445288088E-002
  1.953182752121039E-002
  1.634959983457459E-002
  1.930794811567248E-002
  1.128227856217391E-002
  1.549836452047539E-002
  1.893665684137505E-002
  1.474096415513989E-002
  1.844155899244459E-002
  1.124796219336360E-002
  1.408191721243132E-002
  1.783741656657054E-002
  1.351954337358688E-002
  1.713934393708251E-002
  1.122154434699233E-002
  1.304684045768340E-002
  1.635668309676211E-002
  1.265136045252003E-002
  1.549751465988570E-002
  1.120305109069268E-002
  1.231798330784957E-002
  1.456775346068122E-002
  1.202644342804691E-002
  1.357152682886431E-002
  1.119212813694553E-002
  1.175579936050286E-002
  1.251450143941099E-002
  1.148003927811143E-002
  1.140054373091648E-002
  1.118861474242856E-002
  1.117469304255455E-002
  1.023871425163425E-002
  1.081036988762817E-002
  9.036498246124257E-003
  1.119292332942730E-002
  1.036232858332159E-002
  7.809895181585242E-003
  9.801670038277005E-003
  6.573434376631960E-003
  1.120624231435392E-002
  9.108372797111002E-003
  5.352767229554491E-003
  8.260169821224111E-003
  4.171624326548609E-003
  1.123061184492852E-002
  7.248694021608929E-003
  3.066049473174929E-003
  6.066590571343172E-003
  2.068782099723992E-003
  1.126873811411206E-002
  4.725060861357377E-003
  1.223588116539118E-003
  3.240449276758144E-003
  5.686069956688774E-004
  1.132333369209993E-002
  1.650087597034194E-003
  1.484806519363529E-004
  1.139605287229433E-002
  3.368836907130159E-003
  2.243800034065637E-004
  6.699737483031649E-003
  8.820813748689942E-004
  9.867301928656485E-003
  1.931251987991914E-003
  1.276446180958572E-002
  3.309035319898764E-003
  1.529774155893904E-002
  4.941297324751558E-003
  1.740610661607810E-002
  6.732840709383602E-003
  1.905086494447893E-002
  8.602558351501735E-003
  2.022933196045836E-002
  1.045588214346141E-002
  2.095769966964452E-002
  1.222679970898665E-002
  2.128100757896543E-002
  1.384712470721138E-002
  2.125236217397027E-002
  1.527813016416479E-002
  2.093988778530903E-002
  1.648867445790321E-002
  2.040951158713303E-002
  1.746687608753283E-002
  1.972834378419752E-002
  1.821283473387808E-002
  1.895599994519120E-002
  1.873319614322234E-002
  1.814412535891757E-002
  1.904574325206031E-002
  1.733621799012035E-002
  1.916553932252876E-002
  1.656426656345968E-002
  1.911512932513438E-002
  1.585362054842510E-002
  1.891031260093515E-002
  1.521854543628394E-002
  1.857023370687469E-002
  1.466834165152559E-002
  1.810740905726422E-002
  1.420326661595829E-002
  1.753446669835315E-002
  1.381975879375783E-002
  1.685976883794440E-002
  1.350718485230026E-002
  1.608987820924160E-002
  1.325181673079643E-002
  1.523040496795439E-002
  1.303417430145694E-002
  1.428431301240146E-002
  1.283246212733112E-002
  1.325735654426008E-002
  1.261992016249609E-002
  1.215257719468813E-002
  1.236889710640622E-002
  1.097965733786964E-002
  1.204764512430604E-002
  9.745964127354097E-003
  1.162597792957587E-002
  8.469239713332447E-003
  1.107151826872458E-002
  7.165162658052981E-003
  1.035700394525821E-002
  5.863097504522674E-003
  9.456755625427749E-003
  4.589638109658045E-003
  8.354538608821653E-003
  3.387291013891168E-003
  7.041500603502540E-003
  2.293329048776160E-003
  5.522459532728252E-003
  1.360749828480298E-003
  3.816201814066588E-003
  6.331208390873989E-004
  1.957753819636632E-003
  1.654987043815490E-004
  1.110579509663852E-002
  2.949756301569034E-003
  1.977078426631029E-004
  5.888203940075073E-003
  7.768386489881778E-004
  1.120830446343526E-002
  8.711687783124577E-003
  1.703645175512928E-003
  1.132614322077483E-002
  2.930958223272864E-003
  1.129824066871663E-002
  1.365626843876071E-002
  4.396397383702365E-003
  1.563945205894554E-002
  6.024723766270451E-003
  1.136423080880087E-002
  1.724463976053944E-002
  7.745695616175871E-003
  1.845514860238122E-002
  9.480952483458597E-003
  1.140060562184993E-002
  1.928350050485274E-002
  1.117030675716201E-002
  1.975555622649039E-002
  1.275283132680296E-002
  1.140769876967434E-002
  1.991360189815101E-002
  1.418942464062581E-002
  1.980932911001204E-002
  1.544719080096306E-002
  1.139113418500037E-002
  1.949638435555290E-002
  1.650929870857653E-002
  1.903257337213428E-002
  1.736894097366102E-002
  1.135902560316555E-002
  1.846786715908871E-002
  1.802591233990037E-002
  1.785175214406400E-002
  1.849027127143912E-002
  1.131938472512096E-002
  1.722216964712017E-002
  1.877047636036609E-002
  1.661358339442049E-002
  1.888313526070593E-002
  1.127853317336568E-002
  1.604940769496437E-002
  1.883863824360727E-002
  1.554812644832028E-002
  1.865266653330473E-002
  1.124069598923711E-002
  1.511943942184348E-002
  1.833351366636699E-002
  1.476747503863174E-002
  1.789228243179028E-002
  1.120831242152321E-002
  1.448998330704645E-002
  1.733394228191667E-002
  1.427867553035544E-002
  1.666453188520180E-002
  1.118262808345027E-002
  1.412086707267263E-002
  1.588681161506711E-002
  1.399720187625841E-002
  1.500355184622298E-002
  1.116433785846793E-002
  1.388584712797517E-002
  1.401821519898212E-002
  1.375746084145087E-002
  1.293377197223623E-002
  1.115414498447845E-002
  1.358285026890343E-002
  1.175860645165817E-002
  1.332466950303957E-002
  1.050045148561371E-002
  1.115321420944229E-002
  1.294981089127611E-002
  9.177472721696970E-003
  1.241735498706986E-002
  7.807009064274296E-003
  1.116355642323421E-002
  1.169659017184616E-002
  6.421296995012010E-003
  1.075126485413336E-002
  5.050983191536842E-003
  1.118825285881853E-002
  9.562842959649934E-003
  3.744232728487298E-003
  8.112101883235311E-003
  2.545523868201555E-003
  1.123132873151026E-002
  6.405020724594251E-003
  1.515684094152621E-003
  4.453778717091890E-003
  7.081869840575526E-004
  1.129686140726679E-002
  2.300465104536496E-003
  1.858107904302371E-004
  1.138710485076252E-002
  2.582936057777649E-003
  1.739449430234525E-004
  5.173354847561447E-003
  6.870074791479013E-004
  7.684898763856710E-003
  1.512451110993136E-003
  1.004070493458004E-002
  2.611782541348198E-003
  1.217110145042580E-002
  3.935260094431355E-003
  1.402560327302260E-002
  5.420199728712310E-003
  1.556740526135427E-002
  7.008759620947763E-003
  1.678278968982367E-002
  8.633417027563088E-003
  1.767126683401287E-002
  1.024210791876362E-002
  1.825312376012977E-002
  1.177917541626254E-002
  1.855636043238071E-002
  1.320780501155635E-002
  1.862263661880773E-002
  1.449414812358183E-002
  1.849479108443661E-002
  1.561888084712693E-002
  1.822067668381685E-002
  1.657008668083318E-002
  1.784481890968997E-002
  1.734261348904389E-002
  1.740960425562112E-002
  1.794005335780723E-002
  1.695226258981630E-002
  1.836560742808345E-002
  1.650366657196075E-002
  1.863002437518740E-002
  1.608942319091652E-002
  1.873932519050311E-002
  1.572724149972485E-002
  1.870462172084235E-002
  1.542997720979756E-002
  1.853102247906009E-002
  1.520260820915563E-002
  1.822608742754621E-002
  1.504549264876096E-002
  1.779256813539138E-002
  1.495157645875217E-002
  1.723341489594265E-002
  1.490921185860293E-002
  1.654978235896734E-002
  1.489953551281175E-002
  1.574143928230261E-002
  1.489940850672388E-002
  1.481072070261921E-002
  1.487832750786926E-002
  1.375776480134266E-002
  1.480284444264277E-002
  1.259062334972692E-002
  1.463230072651463E-002
  1.131498359568577E-002
  1.432609106910887E-002
  9.950324167543139E-003
  1.383812710124767E-002
  8.513703064082992E-003
  1.312729850009558E-002
  7.041605635013396E-003
  1.215178876284725E-002
  5.567046417373472E-003
  1.088129006219192E-002
  4.146694025062047E-003
  9.293386669259374E-003
  2.830289709648162E-003
  7.384209956180579E-003
  1.691653736202046E-003
  5.168668326978178E-003
  7.914543580035679E-004
  2.685505563624820E-003
  2.078881271613692E-004
  1.112954086976559E-002
  2.254909040017370E-003
  1.557837150220145E-004
  4.533848467761808E-003
  6.145265440027685E-004
  1.121082818306780E-002
  6.764182315698606E-003
  1.354277277462397E-003
  8.878854231790200E-003
  2.345319827416902E-003
  1.128392639348861E-002
  1.082069676726217E-002
  3.545681666796082E-003
  1.254030642159171E-002
  4.905274162190492E-003
  1.134038413234143E-002
  1.400778103339496E-002
  6.374235041395687E-003
  1.520236591138899E-002
  7.896675346388904E-003
  1.137493491840654E-002
  1.612359726076650E-002
  9.425960062854954E-003
  1.678017546611515E-002
  1.091347510272648E-002
  1.138599819160778E-002
  1.719483202363310E-002
  1.232401919497992E-002
  1.739775087933448E-002
  1.362505241420051E-002
  1.137589729340242E-002
  1.742423595244214E-002
  1.479547096804160E-002
  1.731416732207581E-002
  1.582035008628769E-002
  1.134949692576308E-002
  1.710505250193709E-002
  1.669068021121065E-002
  1.683587590085808E-002
  1.740519350312729E-002
  1.131258705706787E-002
  1.653897222547968E-002
  1.796245411158117E-002
  1.624556275001580E-002
  1.836856416829327E-002
  1.127056671978314E-002
  1.597884701549810E-002
  1.862487295243375E-002
  1.575899624323254E-002
  1.873905426616699E-002
  1.122777012528363E-002
  1.559845124085964E-002
  1.871167847891842E-002
  1.550514440017263E-002
  1.854810875965810E-002
  1.118735809510790E-002
  1.548008536997878E-002
  1.824652549445926E-002
  1.551830303140990E-002
  1.780845644835091E-002
  1.115159391518892E-002
  1.560878711046093E-002
  1.723030887626444E-002
  1.573269374471153E-002
  1.651066359403542E-002
  1.112227741572385E-002
  1.586644202325573E-002
  1.564718703127578E-002
  1.597633951415786E-002
  1.463884385709633E-002
  1.110123477768118E-002
  1.602662517235631E-002
  1.348992189746145E-002
  1.596920829137877E-002
  1.220541047558076E-002
  1.109082267469452E-002
  1.575915985032059E-002
  1.080326200165536E-002
  1.533832149208942E-002
  9.301563930305472E-003
  1.109442106146741E-002
  1.466015281519509E-002
  7.738935215449099E-003
  1.366710513795529E-002
  6.152901444656364E-003
  1.111681639606542E-002
  1.232464119162072E-002
  4.606826539259690E-003
  1.059414708663188E-002
  3.159903630519368E-003
  1.116417048125665E-002
  8.472420933683625E-003
  1.896701465020649E-003
  5.963528115606580E-003
  8.919056541338946E-004
  1.124272655559745E-002
  3.116495956312379E-003
  2.354037415555689E-004
  1.135583645994769E-002
  1.962827079945975E-003
  1.395126009499301E-004
  3.961564965655449E-003
  5.522829828328946E-004
  5.935426136142855E-003
  1.220087030374164E-003
  7.828348377421534E-003
  2.118376613453153E-003
  9.588195164632256E-003
  3.213160789295072E-003
  1.117439289101025E-002
  4.462561820627746E-003
  1.255495950762657E-002
  5.825421179243975E-003
  1.371293123659557E-002
  7.253811999709043E-003
  1.464055864110969E-002
  8.707814036623558E-003
  1.534486916370803E-002
  1.014396290139727E-002
  1.583941210411573E-002
  1.153026878130065E-002
  1.614899273149387E-002
  1.283552290511633E-002
  1.630097537186710E-002
  1.403836736957394E-002
  1.632876243550131E-002
  1.512206015127626E-002
  1.626498183389570E-002
  1.607493824600265E-002
  1.614315827080082E-002
  1.689223551267534E-002
  1.599408956317238E-002
  1.756877929306747E-002
  1.584559943807405E-002
  1.810679676181252E-002
  1.572191683467019E-002
  1.850377534053625E-002
  1.564195431116932E-002
  1.876374077541307E-002
  1.562050881424904E-002
  1.888372285411944E-002
  1.566585164801832E-002
  1.886557797870782E-002
  1.578137815113296E-002
  1.870425538641420E-002
  1.596310660169824E-002
  1.839746536848370E-002
  1.620114785371572E-002
  1.793852867089271E-002
  1.647708218320152E-002
  1.732149165378876E-002
  1.676583742890638E-002
  1.654114039299519E-002
  1.703221324941150E-002
  1.559130111958063E-002
  1.723503582701193E-002
  1.447420546476411E-002
  1.732167889408700E-002
  1.319004020667505E-002
  1.723691187618490E-002
  1.175701058315781E-002
  1.691495364712084E-002
  1.019043840135573E-002
  1.629413787951603E-002
  8.533587034234066E-003
  1.530791230827738E-002
  6.825074305639305E-003
  1.390371535964969E-002
  5.139555503061752E-003
  1.203664969597875E-002
  3.542134408161093E-003
  9.687498856993493E-003
  2.136196505344079E-003
  6.862871473240810E-003
  1.006144513356870E-003
  3.605599933279803E-003
  2.659752531549785E-004
  1.115430247928279E-002
  1.697710060998751E-003
  1.267573232088067E-004
  3.442804890724978E-003
  5.009288134224802E-004
  1.122057398378671E-002
  5.183022114564885E-003
  1.107174358224160E-003
  6.869180688238774E-003
  1.925875537770320E-003
  1.128076880141703E-002
  8.457642472111679E-003
  2.928303698807333E-003
  9.909546597534947E-003
  4.080704143765200E-003
  1.132874516499364E-002
  1.119859147632952E-002
  5.347756604708881E-003
  1.230437545556677E-002
  6.689890621048710E-003
  1.135999222637588E-002
  1.322076744234511E-002
  8.071822420480485E-003
  1.394791022235384E-002
  9.456209981868567E-003
  1.137211346274773E-002
  1.449731248759275E-002
  1.081346781573263E-002
  1.488610685529137E-002
  1.211499980649546E-002
  1.136539197653168E-002
  1.513746971897572E-002
  1.333956083554345E-002
  1.527870227755273E-002
  1.446980411900586E-002
  1.134225896381102E-002
  1.533784626670850E-002
  1.549245767628204E-002
  1.534515598890287E-002
  1.640018520954977E-002
  1.130641704496770E-002
  1.532777824175346E-002
  1.718515041184731E-002
  1.531313246534745E-002
  1.784643975454058E-002
  1.126193147343536E-002
  1.532339156522777E-002
  1.837820180456910E-002
  1.537918775170805E-002
  1.878166505517059E-002
  1.121258423614673E-002
  1.549487064517260E-002
  1.904983278346843E-002
  1.568147875670342E-002
  1.918237925632098E-002
  1.116164709388973E-002
  1.594304425022637E-002
  1.916917089940192E-002
  1.627807211140122E-002
  1.900607692149348E-002
  1.111198187800503E-002
  1.667739523878545E-002
  1.867998236301933E-002
  1.712321796055499E-002
  1.818289209443125E-002
  1.106636037931083E-002
  1.758992349946363E-002
  1.750204168609281E-002
  1.803899476413695E-002
  1.662872707163379E-002
  1.102796787547283E-002
  1.842613643005705E-002
  1.555780495986542E-002
  1.868922856728217E-002
  1.428704582592536E-002
  1.100093486352951E-002
  1.876681328665626E-002
  1.282985434754146E-002
  1.857604733406099E-002
  1.120126658199578E-002
  1.099097913309319E-002
  1.804693085909301E-002
  9.444905509997992E-003
  1.708898522344283E-002
  7.604261822647905E-003
  1.100585883681177E-002
  1.564232381822357E-002
  5.761564486055653E-003
  1.363589378578857E-002
  3.994633955134575E-003
  1.105537270796492E-002
  1.104977848758883E-002
  2.421748705966374E-003
  7.871563569858065E-003
  1.147857847563085E-003
  1.114950942695798E-002
  4.158868357391296E-003
  3.053075373810061E-004
  1.129407470431569E-002
  1.458057330043684E-003
  1.151691670441226E-004
  2.972293808859284E-003
  4.560192292911428E-004
  4.498092976158646E-003
  1.009259928723410E-003
  5.993150080722309E-003
  1.758426522303612E-003
  7.417608235144414E-003
  2.680090848934058E-003
  8.738913745802112E-003
  3.745958233965169E-003
  9.930232860049419E-003
  4.927009138262835E-003
  1.097483636515630E-002
  6.189459416670124E-003
  1.186254482466661E-002
  7.503503007003715E-003
  1.259380015546212E-002
  8.836275021069536E-003
  1.317432604367475E-002
  1.016160754065253E-002
  1.361878979726933E-002
  1.145318800455969E-002
  1.394483325797019E-002
  1.269080149808462E-002
  1.417593444930192E-002
  1.385727864105428E-002
  1.433631608704897E-002
  1.493839385755625E-002
  1.445250186104389E-002
  1.592560052871131E-002
  1.455018787056750E-002
  1.680879013931510E-002
  1.465416388501376E-002
  1.758522298996807E-002
  1.478739885953913E-002
  1.824608092963586E-002
  1.496949297666348E-002
  1.879050824434835E-002
  1.521719085874829E-002
  1.920815817990920E-002
  1.554201864370408E-002
  1.949620952759313E-002
  1.595103989637788E-002
  1.964062032560653E-002
  1.644414625785648E-002
  1.963366825070018E-002
  1.701434078037084E-002
  1.945759601815731E-002
  1.764487441735587E-002
  1.909890150581513E-002
  1.830941678218535E-002
  1.853943481310468E-002
  1.896813979931575E-002
  1.776279653895451E-002
  1.957058524204332E-002
  1.675883199970322E-002
  2.004886086136386E-002
  1.551655062146783E-002
  2.032766390041025E-002
  1.404735504111442E-002
  2.031301888271411E-002
  1.235941344236914E-002
  1.991290703515640E-002
  1.050083438505120E-002
  1.902236369279131E-002
  8.513555096826098E-003
  1.755347563139268E-002
  6.495005050558263E-003
  1.542344922414394E-002
  4.529083569178791E-003
  1.258544515753884E-002
  2.761953958889894E-003
  9.027952702540526E-003
  1.311739940050042E-003
  4.795685378312770E-003
  3.497230048379958E-004
  1.118045136120426E-002
  1.238264167198399E-003
  1.056037461312266E-004
  2.541675955613531E-003
  4.173877313850717E-004
  1.123557403555696E-002
  3.870676780082806E-003
  9.239409289667665E-004
  5.187278200365899E-003
  1.611665533304574E-003
  1.128557681435461E-002
  6.457330653535597E-003
  2.460904867289676E-003
  7.649740605197266E-003
  3.448831386244540E-003
  1.132617483402049E-002
  8.742146758000960E-003
  4.550800378054957E-003
  9.716177883626730E-003
  5.739124841667058E-003
  1.135366491349263E-002
  1.056380306516493E-002
  6.987862773758968E-003
  1.128141655121259E-002
  8.269227322026042E-003
  1.136536450357289E-002
  1.187446624538150E-002
  9.559680764040748E-003
  1.235261329858937E-002
  1.083589405078796E-002
  1.136025630612082E-002
  1.273149407226240E-002
  1.207889080998074E-002
  1.303019398504574E-002
  1.327224468622077E-002
  1.133891300681537E-002
  1.327026028212291E-002
  1.440180256855123E-002
  1.347555605063391E-002
  1.545811662679296E-002
  1.130313585246161E-002
  1.366944411333754E-002
  1.643025934748074E-002
  1.387623644548010E-002
  1.731379638528740E-002
  1.125536438287057E-002
  1.411764019605992E-002
  1.809835129561461E-002
  1.441497750715410E-002
  1.878128049211959E-002
  1.119821323890254E-002
  1.478515267658590E-002
  1.934953479830658E-002
  1.524299140476304E-002
  1.979876294451244E-002
  1.113433794859011E-002
  1.579698022853703E-002
  2.011018557011182E-002
  1.645090430878266E-002
  2.027449666939561E-002
  1.106640601988183E-002
  1.719950982516642E-002
  2.026623796103041E-002
  1.802872520831590E-002
  2.006949611452651E-002
  1.099764650594088E-002
  1.891246814125503E-002
  1.965497373549038E-002
  1.980892870135360E-002
  1.900227058091496E-002
  1.093251241155651E-002
  2.066412073151241E-002
  1.808828912696617E-002
  2.139896469169415E-002
  1.689704650188473E-002
  1.087758734335305E-002
  2.192960781199241E-002
  1.542921635117272E-002
  2.213776341079066E-002
  1.369037624222937E-002
  1.084251412580761E-002
  2.191892780264134E-002
  1.172517827969507E-002
  2.113125377442247E-002
  9.580453740513807E-003
  1.084007439420414E-002
  1.967449211482818E-002
  7.361825931712108E-003
  1.742338359434412E-002
  5.170493915103306E-003
  1.088654709357330E-002
  1.432711540853890E-002
  3.173194469400630E-003
  1.033969934335512E-002
  1.518929006991535E-003
  1.099885472067041E-002
  5.526380977574374E-003
  4.080451754044146E-004
  1.118834498492797E-002
  1.037679495707827E-003
  9.664085988644380E-005
  2.148053857281723E-003
  3.822039394295017E-004
  3.295788458388049E-003
  8.467132335848769E-004
  4.447043950975630E-003
  1.478610356920749E-003
  5.570039548339250E-003
  2.262134481519865E-003
  6.638190902521443E-003
  3.178224925756119E-003
  7.629109377336964E-003
  4.207022860230173E-003
  8.527675097737906E-003
  5.325098594013646E-003
  9.323601529165167E-003
  6.510973008092492E-003
  1.001448954138096E-002
  7.740600590619683E-003
  1.060216701368112E-002
  8.993693391582980E-003
  1.109553724746230E-002
  1.024950257922464E-002
  1.150644898771687E-002
  1.149075551878917E-002
  1.185198733256488E-002
  1.270237612111050E-002
  1.215086923241565E-002
  1.387044938626692E-002
  1.242464937714276E-002
  1.498602890259026E-002
  1.269559474930627E-002
  1.603725420498865E-002
  1.298631147156565E-002
  1.701976272248479E-002
  1.331943284719899E-002
  1.792153014049989E-002
  1.371586525570534E-002
  1.873987349319163E-002
  1.419556135180154E-002
  1.945908889754434E-002
  1.477444337082861E-002
  2.007439488729961E-002
  1.546559983449330E-002
  2.056307135066384E-002
  1.627551468218672E-002
  2.091377899441310E-002
  1.720365584379325E-002
  2.109507716132528E-002
  1.823888883177904E-002
  2.108577645927990E-002
  1.935726380357035E-002
  2.084771286104948E-002
  2.051737912472782E-002
  2.035030697386979E-002
  2.165978461529135E-002
  1.956029997750976E-002
  2.269901785762034E-002
  1.844723997964393E-002
  2.353326867675814E-002
  1.700492004925297E-002
  2.402826389118403E-002
  1.522476299028873E-002
  2.404702267951928E-002
  1.315526329122675E-002
  2.342480032665683E-002
  1.083600845923492E-002
  2.201746222370782E-002
  8.393953758977155E-003
  1.967824587245203E-002
  5.935699000208836E-003
  1.631134853180024E-002
  3.668912831940510E-003
  1.186615436257197E-002
  1.760666475672007E-003
  6.380560563100261E-003
  4.748345092725821E-004
  1.120889173500465E-002
  8.534205429116614E-004
  8.855962230881080E-005
  1.786959895236495E-003
  3.498242519264992E-004
  1.125495961537898E-002
  2.768021781313904E-003
  7.753266509223991E-004
  3.764870207825017E-003
  1.355449646868325E-003
  1.129646763698230E-002
  4.749559545446975E-003
  2.077405092714134E-003
  5.696438295545657E-003
  2.926082466592402E-003
  1.133062222492131E-002
  6.586593363167200E-003
  3.885060632828733E-003
  7.404177928742911E-003
  4.935437220666756E-003
  1.135440966856175E-002
  8.141065109221919E-003
  6.058988963825704E-003
  8.792536010437226E-003
  7.235719859319614E-003
  1.136506646814296E-002
  9.360975685511749E-003
  8.447989142426724E-003
  9.852072474880730E-003
  9.677848207025498E-003
  1.136069440610606E-002
  1.027692601244025E-002
  1.090997591918061E-002
  1.064950509768296E-002
  1.213064153155120E-002
  1.134043852342564E-002
  1.098710812513225E-002
  1.332729464797243E-002
  1.130916350755293E-002
  1.449113958676069E-002
  1.130438020310283E-002
  1.163660467572867E-002
  1.561134915374671E-002
  1.199173529501043E-002
  1.668299192529054E-002
  1.125312917390389E-002
  1.239675443091014E-002
  1.769477286718920E-002
  1.287445873225848E-002
  1.864348103543962E-002
  1.118772393722462E-002
  1.344594534576683E-002
  1.951289836742183E-002
  1.413112224882697E-002
  2.029798738125929E-002
  1.110915817941530E-002
  1.494608677892025E-002
  2.097332479031697E-002
  1.590396354511438E-002
  2.152718709174231E-002
  1.101861910270393E-002
  1.700841952363417E-002
  2.192032150389477E-002
  1.825521139174232E-002
  2.212994592740343E-002
  1.091860962631703E-002
  1.962345282792392E-002
  2.210265748930994E-002
  2.107460210685374E-002
  2.180294884209906E-002
  1.081373768962613E-002
  2.254660791934005E-002
  2.117543024143590E-002
  2.394293207020167E-002
  2.018093364531632E-002
  1.071345972234688E-002
  2.515023071370263E-002
  1.879143951021133E-002
  2.599984682446169E-002
  1.699100252295597E-002
  1.063337758976920E-002
  2.633606810685182E-002
  1.481787079913018E-002
  2.593715822602337E-002
  1.231569420372681E-002
  1.059550956816340E-002
  2.463953103414846E-002
  9.618872538520758E-003
  2.222576044415541E-002
  6.859268198122079E-003
  1.062829987901777E-002
  1.859032284425377E-002
  4.271119508219151E-003
  1.361907452043978E-002
  2.069084395543824E-003
  1.076016306606501E-002
  7.376480147025664E-003
  5.630165722656210E-004
  1.101462007354042E-002
  6.853860862059006E-004
  8.059249359533353E-005
  1.457623977244438E-003
  3.183501878522484E-004
  2.285436142769246E-003
  7.064496969499620E-004
  3.139566543043778E-003
  1.236777525966902E-003
  3.993130911849081E-003
  1.899878842928997E-003
  4.823853225369105E-003
  2.683409379317545E-003
  5.612887691428871E-003
  3.574759067921953E-003
  6.347211886272235E-003
  4.558260573572079E-003
  7.017470800477627E-003
  5.619254238824253E-003
  7.620474467056380E-003
  6.740866995013182E-003
  8.156344596078479E-003
  7.908270139401808E-003
  8.630881763085770E-003
  9.106116971931177E-003
  9.052543059910734E-003
  1.032097153615747E-002
  9.434352432089777E-003
  1.154115031988523E-002
  9.791425942391310E-003
  1.275503457385262E-002
  1.014181080545111E-002
  1.395553853303170E-002
  1.050544575456045E-002
  1.513219469618237E-002
  1.090363621874677E-002
  1.628190872029314E-002
  1.135955984831062E-002
  1.739313856019652E-002
  1.189597356311156E-002
  1.846521452050802E-002
  1.253772365053372E-002
  1.948050051478217E-002
  1.330676103437847E-002
  2.043643185588670E-002
  1.422549939260941E-002
  2.130561324242980E-002
  1.531204157156782E-002
  2.207798902357827E-002
  1.657962127471705E-002
  2.270740053307565E-002
  1.803038716452131E-002
  2.316876508463111E-002
  1.965210395072373E-002
  2.339621446800873E-002
  2.141209297906815E-002
  2.334318415203476E-002
  2.324792023682491E-002
  2.293433258767024E-002
  2.505819827673857E-002
  2.210772728757187E-002
  2.670745287658555E-002
  2.081831264880418E-002
  2.800453560555625E-002
  1.902219624845480E-002
  2.874469796168760E-002
  1.676013640033895E-002
  2.866908906768758E-002
  1.405862549732657E-002
  2.754611580063218E-002
  1.108111927534361E-002
  2.511988438082823E-002
  7.963107006575277E-003
  2.120974512099963E-002
  4.999879361496600E-003
  1.568615376620252E-002
  2.428285358435135E-003
  8.556147309827912E-003
  6.641517867034523E-004
  1.124049383553895E-002
  5.330111664620784E-004
  7.261135375923591E-005
  1.158415728730585E-003
  2.870332006804544E-004
  1.127821285329812E-002
  1.846275978971849E-003
  6.380945237243217E-004
  2.567648398073156E-003
  1.119510491853349E-003
  1.131218213424163E-002
  3.298384763849366E-003
  1.724452279878684E-003
  4.016739857704954E-003
  2.443692269577660E-003
  1.134071562999171E-002
  4.706624700936273E-003
  3.267474150494267E-003
  5.354894491072188E-003
  4.183461241380425E-003
  1.136121366917369E-002
  5.954115271125510E-003
  5.179808518424630E-003
  6.499920132600996E-003
  6.242631705987580E-003
  1.137081689359007E-002
  6.993208321599859E-003
  7.359706839209583E-003
  7.437758728722320E-003
  8.517904525087945E-003
  1.136697210495843E-002
  7.841783472443107E-003
  9.706207010139618E-003
  8.216004469232782E-003
  1.091425717397388E-002
  1.134772661896633E-002
  8.574639085946242E-003
  1.213285999121144E-002
  8.933933399857064E-003
  1.335541982460127E-002
  1.131162349781079E-002
  9.312929339531517E-003
  1.457438163009329E-002
  9.732544962386930E-003
  1.578685374388134E-002
  1.125760827692783E-002
  1.021585952127103E-002
  1.698444147012914E-002
  1.078681454388316E-002
  1.816700476929753E-002
  1.118467962980742E-002
  1.147182537807938E-002
  1.932049179916624E-002
  1.229806545151630E-002
  2.044291995689486E-002
  1.109066742772780E-002
  1.329257033743428E-002
  2.150975485016545E-002
  1.448344973451129E-002
  2.251298216984664E-002
  1.097455851851564E-002
  1.589244750881950E-002
  2.340134435628474E-002
  1.753476583024119E-002
  2.415109897125420E-002
  1.083462068842870E-002
  1.940820274813626E-002
  2.467982353820253E-002
  2.149583395869824E-002
  2.493777916777824E-002
  1.067292596842391E-002
  2.373789536480270E-002
  2.481133519265027E-002
  2.602762060417785E-002
  2.422514646471641E-002
  1.049996269518225E-002
  2.821504222919247E-002
  2.308996345758279E-002
  3.006037766862187E-002
  2.134604382559621E-002
  1.034061064334712E-002
  3.133206046353848E-002
  1.900741263557666E-002
  3.167519438605845E-002
  1.610645427053603E-002
  1.023586102726482E-002
  3.083008058905259E-002
  1.280852892515752E-002
  2.842319485605740E-002
  9.288701322257186E-003
  1.023297288635794E-002
  2.425187475071035E-002
  5.878640128280894E-003
  1.808209044742820E-002
  2.885141706727497E-003
  1.037961802770731E-002
  9.948620220462836E-003
  7.961934664043774E-004
  1.072814002643860E-002
  3.965150164167847E-004
  6.431324910481287E-005
  8.905293427175961E-004
  2.544405840513690E-004
  1.450991639626269E-003
  5.678177009029584E-004
  2.050791989541817E-003
  9.995115252138215E-004
  2.665893327129180E-003
  1.545971872136163E-003
  3.277428477416455E-003
  2.200166483462444E-003
  3.869478565325856E-003
  2.955386373704451E-003
  4.431403415405653E-003
  3.801861476310079E-003
  4.955250714408493E-003
  4.730357560409596E-003
  5.438159521157518E-003
  5.729651313324644E-003
  5.879657149795747E-003
  6.789598714270197E-003
  6.283894914613686E-003
  7.899602488818538E-003
  6.657142923362577E-003
  9.050209220110706E-003
  7.009562395895609E-003
  1.023347033031497E-002
  7.353409872188574E-003
  1.144135555332769E-002
  7.703887540721381E-003
  1.266977316314176E-002
  8.078695583102485E-003
  1.391242298891727E-002
  8.497774075231140E-003
  1.516992005450112E-002
  8.984707449961250E-003
  1.643436081032970E-002
  9.563215485554140E-003
  1.771021169008767E-002
  1.026253158511437E-002
  1.898548484190115E-002
  1.111278701580155E-002
  2.026454755072865E-002
  1.214891093225556E-002
  2.152359208575265E-002
  1.340437877201190E-002
  2.276449900712990E-002
  1.491766596167034E-002
  2.392949039089506E-002
  1.671674547406544E-002
  2.500026840074073E-002
  1.881877808906876E-002
  2.588350409277876E-002
  2.122491074961429E-002
  2.652539004472800E-002
  2.389355852876598E-002
  2.677170183599924E-002
  2.672314371402734E-002
  2.651412905257988E-002
  2.953831758943131E-002
  2.562483662571315E-002
  3.206805010769892E-002
  2.398886545939792E-002
  3.400348574049932E-002
  2.161638675187643E-002
  3.492589500267365E-002
  1.849993878393860E-002
  3.446488121725199E-002
  1.485718531919048E-002
  3.218643291861705E-002
  1.085581300966339E-002
  2.776645971861038E-002
  6.928762087580385E-003
  2.093266166530396E-002
  3.410587120681679E-003
  1.161499778494642E-002
  9.461664706085447E-004
  1.127549281456455E-002
  2.773132019812981E-004
  5.536662813536672E-005
  6.541648235077603E-004
  2.202534456034102E-004
  1.130451242394988E-002
  1.100441073311067E-003
  4.943456819386295E-004
  1.588270530488048E-003
  8.750423997682383E-004
  1.133152996846105E-002
  2.095980635174764E-003
  1.361294713914873E-003
  2.605305193134468E-003
  1.948647737853728E-003
  1.135540352890952E-002
  3.102630375271432E-003
  2.632844685426009E-003
  3.577849283043703E-003
  3.406322782407067E-003
  1.137347528150113E-002
  4.024553962524427E-003
  4.262338082345663E-003
  4.439599502313538E-003
  5.191468566249165E-003
  1.138260633166079E-002
  4.823084290902668E-003
  6.186104789177253E-003
  5.177972065588276E-003
  7.236941852353377E-003
  1.137968690938077E-002
  5.510182053259217E-003
  8.337214806701531E-003
  5.828098688442518E-003
  9.479698637278039E-003
  1.136192030638862E-002
  6.142926391245886E-003
  1.065957047537780E-002
  6.468153349143996E-003
  1.187292487008139E-002
  1.132668576004250E-002
  6.820205209648714E-003
  1.311777216226345E-002
  7.217773831727078E-003
  1.439494605430076E-002
  1.127165751677310E-002
  7.683198525960549E-003
  1.570237705402291E-002
  8.240652119306012E-003
  1.704412595177734E-002
  1.119284796511586E-002
  8.920052601514804E-003
  1.841867691774590E-002
  9.757603117358878E-003
  1.983189042064599E-002
  1.108591131754191E-002
  1.079350400277129E-002
  2.126888451375462E-002
  1.206756111832606E-002
  2.273735689058205E-002
  1.094560922033597E-002
  1.363164215348863E-002
  2.418776281343760E-002
  1.553944653432449E-002
  2.560691059935764E-002
  1.075779480618601E-002
  1.783105561287186E-002
  2.689513621018761E-002
  2.054541132083463E-002
  2.800638741905412E-002
  1.052102843034960E-002
  2.366270022617886E-002
  2.872472913047269E-002
  2.710652739138971E-002
  2.892610574625180E-002
  1.023097782513202E-002
  3.068370998129744E-002
  2.838669682235977E-002
  3.405155978578421E-002
  2.695862203868545E-002
  9.930815785483525E-003
  3.685675293299660E-002
  2.458684301210692E-002
  3.850543710840496E-002
  2.127013276998444E-002
  9.696011643503637E-003
  3.858660567088527E-002
  1.723381249651500E-002
  3.649170700650203E-002
  1.270907623623701E-002
  9.611741505088214E-003
  3.186293322494146E-002
  8.172282853840166E-003
  2.424988686508454E-002
  4.075338096677924E-003
  9.766025342040466E-003
  1.360711272741401E-002
  1.142159861141145E-003
  1.025134687375468E-002
  1.756427203698270E-004
  4.575075625888751E-005
  4.521331149842483E-004
  1.831867291904453E-004
  7.966607691216837E-004
  4.161824657921307E-004
  1.183743340017911E-003
  7.435617058339269E-004
  1.591582011387285E-003
  1.167577613843236E-003
  2.004866188065907E-003
  1.685622537464834E-003
  2.410562211755752E-003
  2.295581086650100E-003
  2.800820208351121E-003
  2.992029403498779E-003
  3.169392295263060E-003
  3.769652287035322E-003
  3.514348991322945E-003
  4.621397113757759E-003
  3.835110653874168E-003
  5.540661748442339E-003
  4.134808196125083E-003
  6.520590056832842E-003
  4.417886120757422E-003
  7.555189664774961E-003
  4.692011251152528E-003
  8.639742578541510E-003
  4.966395265894896E-003
  9.770256337410464E-003
  5.253186127952427E-003
  1.094575790123494E-002
  5.566833428508070E-003
  1.216521600889314E-002
  5.924288960791857E-003
  1.343363874660450E-002
  6.346715956722557E-003
  1.475013484421718E-002
  6.857215889105992E-003
  1.612423528627763E-002
  7.485617301266402E-003
  1.756044900710768E-002
  8.268677221941731E-003
  1.907793652060023E-002
  9.255465294618586E-003
  2.065876780067001E-002
  1.048844612961138E-002
  2.232674660153378E-002
  1.203324634516960E-002
  2.404707604036536E-002
  1.396982079861064E-002
  2.582726585160838E-002
  1.637759673845281E-002
  2.755905785049181E-002
  1.932210705124043E-002
  2.922195577127123E-002
  2.284868639543200E-002
  3.054243433229364E-002
  2.693852750441753E-002
  3.136467688394638E-002
  3.139183191380850E-002
  3.135378339528846E-002
  3.580762882617013E-002
  3.024619481668979E-002
  3.969585797460235E-002
  2.797096328972723E-002
  4.234641002374176E-002
  2.442802849492498E-002
  4.314959955702857E-002
  1.997603131306730E-002
  4.141070396274284E-002
  1.484169200947125E-002
  3.660786521572999E-002
  9.621832790573827E-003
  2.820678141201250E-002
  4.819794969561647E-003
  1.597265408425578E-002
  1.375075492688139E-003
  1.131258617721954E-002
  9.420150720323647E-005
  3.529634488298459E-005
  2.850027906654947E-004
  1.442415455734529E-004
  1.133201038860845E-002
  5.414248301774890E-004
  3.337981397397150E-004
  8.374633716096759E-004
  6.059340350756728E-004
  1.135288222077295E-002
  1.153975870100422E-003
  9.652094000091476E-004
  1.477100714863833E-003
  1.410883375074832E-003
  1.137363051371235E-002
  1.795807010278961E-003
  1.942937159468725E-003
  2.103641263165831E-003
  2.556843655953976E-003
  1.139085117732913E-002
  2.395397590977535E-003
  3.249544328206308E-003
  2.669651554635040E-003
  4.014446058683276E-003
  1.140081637408895E-002
  2.925904765219414E-003
  4.847394413606162E-003
  3.166756113065427E-003
  5.741674609264915E-003
  1.139987617098744E-002
  3.395820665035938E-003
  6.694026497387253E-003
  3.619414220937017E-003
  7.699485219998166E-003
  1.138465962896319E-002
  3.845094001419829E-003
  8.757458417647862E-003
  4.083174968519412E-003
  9.866331850915218E-003
  1.135195008101615E-002
  4.345583331735157E-003
  1.102979883906053E-002
  4.647230674967062E-003
  1.225157485221735E-002
  1.129834773419806E-002
  5.005936661267151E-003
  1.353880868756346E-002
  5.444713083901348E-003
  1.489865112696394E-002
  1.121776555946212E-002
  5.991587774991112E-003
  1.634961532869322E-002
  6.682567270664434E-003
  1.791309416431107E-002
  1.110672216019871E-002
  7.563869117534584E-003
  1.958762919494310E-002
  8.680651425426074E-003
  2.139150586658840E-002
  1.094354436541050E-002
  1.010800517641069E-002
  2.334517158431650E-002
  1.197595947485086E-002
  2.546396263071501E-002
  1.071187977507026E-002
  1.440010966744515E-002
  2.765337613223637E-002
  1.747635082519342E-002
  2.992140008460156E-002
  1.038801924810212E-002
  2.133290541988599E-002
  3.197212942039654E-002
  2.612940529621360E-002
  3.365750267995723E-002
  9.913026579717871E-003
  3.166081917101950E-002
  3.437290825337105E-002
  3.737350779482519E-002
  3.378865363616014E-002
  9.350649000517745E-003
  4.269744870031943E-002
  3.168105347259358E-002
  4.657894804198496E-002
  2.797874536467000E-002
  8.858152669307092E-003
  4.837925018685413E-002
  2.303977326796978E-002
  4.710770020117591E-002
  1.727131445419538E-002
  8.642877763282994E-003
  4.220344607159920E-002
  1.125531739020986E-002
  3.286551628374217E-002
  5.681024117799147E-003
  8.783242048063633E-003
  1.880337272213589E-002
  1.632847724684096E-003
  9.413574173066165E-003
  3.295220925280284E-005
  2.404513997271244E-005
  1.564393230000277E-004
  1.022980263684600E-004
  3.371915123221147E-004
  2.473370465515457E-004
  5.535493902658497E-004
  4.626000118947059E-004
  7.871186972604889E-004
  7.553719943790710E-004
  1.027386881180996E-003
  1.126447824640025E-003
  1.264755642495394E-003
  1.576528930720830E-003
  1.494646242057359E-003
  2.103032857311641E-003
  1.712766198956001E-003
  2.702834752187578E-003
  1.918336203570314E-003
  3.371666853858602E-003
  2.110836990047458E-003
  4.105062383315680E-003
  2.292510048159726E-003
  4.898749732139386E-003
  2.465963390830783E-003
  5.749141973582610E-003
  2.636311406297512E-003
  6.653712094533163E-003
  2.809216733436499E-003
  7.611661766360498E-003
  2.992988522573511E-003
  8.624084789897925E-003
  3.197003554642952E-003
  9.694330813766753E-003
  3.433390010789135E-003
  1.082933758181032E-002
  3.716542493982820E-003
  1.203764492957254E-002
  4.066227462814487E-003
  1.333242829550223E-002
  4.507321340791738E-003
  1.473391545564566E-002
  5.070701053076958E-003
  1.627742401262855E-002
  5.802872012341798E-003
  1.795925987603913E-002
  6.751017844930555E-003
  1.980628965690923E-002
  7.982987375386347E-003
  2.189509075374322E-002
  9.643618175541139E-003
  2.431438222235792E-002
  1.192844090696677E-002
  2.690378153987899E-002
  1.494664891883724E-002
  2.973149357992141E-002
  1.892088680203280E-002
  3.261950745273030E-002
  2.425483799249686E-002
  3.551378566370444E-002
  3.096030554541538E-002
  3.731239859346316E-002
  3.835156440888631E-002
  3.741753150741752E-002
  4.547645553266404E-002
  3.569614793719789E-002
  5.106032030097637E-002
  3.181245248847387E-002
  5.411417119084983E-002
  2.640551665579612E-002
  5.352569705286942E-002
  1.988752109560172E-002
  4.852231228702545E-002
  1.304621949356926E-002
  3.822907764682370E-002
  6.525181062937094E-003
  2.207819815545925E-002
  1.841238154307270E-003
  1.134766529390895E-002
 -5.794594045633303E-006
  1.291932602587048E-005
  6.513341835728394E-005
  6.123093316577003E-005
  1.135721620200093E-002
  1.838679562982163E-004
  1.610929959359984E-004
  3.308392269129389E-004
  3.193012885856226E-004
  1.137385741134338E-002
  4.908371778583131E-004
  5.448543452345255E-004
  6.565253922288244E-004
  8.388417565497217E-004
  1.139418330161842E-002
  8.197784801399780E-004
  1.203816865128423E-003
  9.783874961275124E-004
  1.636398906328871E-003
  1.141318448040845E-002
  1.128369332216841E-003
  2.135750841970440E-003
  1.270134670195651E-003
  2.696671302047870E-003
  1.142618855592130E-002
  1.402598620530659E-003
  3.317192445972461E-003
  1.528063500216062E-003
  3.992074357648802E-003
  1.142901516526880E-002
  1.647765900772572E-003
  4.720331766201175E-003
  1.765948874351039E-003
  5.498230615003160E-003
  1.141805452756908E-002
  1.885980818729935E-003
  6.327839076539645E-003
  2.014510067443127E-003
  7.208432638085497E-003
  1.139003596811947E-002
  2.157241662322502E-003
  8.147150616561310E-003
  2.324365874579266E-003
  9.147508161365669E-003
  1.134118224615242E-002
  2.525135568593870E-003
  1.022475898829314E-002
  2.776864080961820E-003
  1.138774190027252E-002
  1.126628792627279E-002
  3.095505687459283E-003
  1.266771238421947E-002
  3.505565795518204E-003
  1.409124284152869E-002
  1.115953415541593E-002
  4.036917699480377E-003
  1.568514578139490E-002
  4.751448104994826E-003
  1.745086406614130E-002
  1.098546983752123E-002
  5.719222340540476E-003
  1.953971881728021E-002
  7.078252788876287E-003
  2.207341504294899E-002
  1.077036115208737E-002
  9.020854392191243E-003
  2.492723231453343E-002
  1.164009823541627E-002
  2.813116587035703E-002
  1.033700277302082E-002
  1.537813208058492E-002
  3.190563907670735E-002
  2.123911078530957E-002
  3.636780925917347E-002
  9.672550554976093E-003
  2.936505413688108E-002
  3.957348525827251E-002
  3.882783776369627E-002
  4.081203848305270E-002
  8.506964512890248E-003
  4.838973856507821E-002
  3.962733638015831E-002
  5.599969523934024E-002
  3.577018565946977E-002
  7.501072429033849E-003
  6.067678605512535E-002
  2.978294438326576E-002
  6.084781534992251E-002
  2.247259588395936E-002
  7.051410057350468E-003
  5.553288062861910E-002
  1.481854967856128E-002
  4.402692893911957E-002
  7.413622625107183E-003
  7.073664396488788E-003
  2.564203233440288E-002
  2.059148318944639E-003
  7.969081032396142E-003
 -2.364216998230541E-005
  2.220690934236493E-006
  1.281415613941863E-005
  2.116256474620273E-005
  8.159595157263894E-005
  7.893987239586162E-005
  1.706824695535624E-004
  1.828989358129837E-004
  2.678059493512473E-004
  3.424017649021638E-004
  3.687209969040874E-004
  5.597741060157413E-004
  4.678759618884112E-004
  8.360438189310791E-004
  5.639473700417018E-004
  1.170162682242490E-003
  6.546644468848969E-004
  1.559499822064543E-003
  7.401298882641023E-004
  2.001719389140134E-003
  8.199773446494666E-004
  2.493221263913474E-003
  8.954325586027757E-004
  3.031576815024410E-003
  9.674611530912816E-004
  3.614336565035997E-003
  1.038574735336292E-003
  4.240184167292027E-003
  1.110916713430477E-003
  4.909614901868808E-003
  1.188633662002946E-003
  5.623793431148007E-003
  1.275155773004416E-003
  6.387939505245227E-003
  1.377184961461013E-003
  7.206984312689052E-003
  1.500163104841593E-003
  8.094408416449660E-003
  1.655883776561704E-003
  9.062152221884542E-003
  1.855185939965603E-003
  1.013371319128279E-002
  2.113890870937387E-003
  1.133627998835537E-002
  2.448117516598439E-003
  1.270697243157860E-002
  2.911635985224504E-003
  1.426185431797562E-002
  3.560144629488277E-003
  1.615655713011149E-002
  4.491793713562463E-003
  1.860266009400573E-002
  5.907355599349936E-003
  2.138024721201112E-002
  7.945052263662017E-003
  2.447849881897501E-002
  1.094307342145343E-002
  2.885880911554180E-002
  1.631411647836698E-002
  3.528281648044312E-002
  2.548119178911823E-002
  4.048496403887442E-002
  3.771636126864081E-002
  4.328004269902026E-002
  5.068566600759834E-002
  4.318254918921446E-002
  6.130088635959059E-002
  3.917457106151181E-002
  6.774810422559488E-002
  3.282996047939647E-002
  6.886992269941404E-002
  2.466442104893154E-002
  6.349860955032841E-002
  1.618244193849181E-002
  5.087014008763997E-002
  8.314038188982532E-003
  3.005583172207819E-002
  2.331577323752179E-003
  1.137287979395021E-002
 -2.246726251533754E-005
 -4.815503888704035E-006
 -8.135672297015843E-006
 -8.422379842215410E-006
  1.137419954272770E-002
  2.291150595713807E-005
  1.321597642063249E-005
  6.655507075253544E-005
  6.816296769417882E-005
  1.139095051924469E-002
  1.128395071620084E-004
  1.662625515095646E-004
  1.622619996829866E-004
  3.068879154890996E-004
  1.141547451921745E-002
  2.094809503212843E-004
  4.933083755160796E-004
  2.560144187029649E-004
  7.219093961139119E-004
  1.144034893873526E-002
  2.990055212115828E-004
  9.929800522537548E-004
  3.400175850013215E-004
  1.302343176531180E-003
  1.145969243044357E-002
  3.776772039603800E-004
  1.649275291373320E-003
  4.136268520587546E-004
  2.029934219248180E-003
  1.146888276577974E-002
  4.474251453173686E-004
  2.444274736003808E-003
  4.811571637357943E-004
  2.889508822493752E-003
  1.146443965890608E-002
  5.149268061237365E-004
  3.367862990954357E-003
  5.517681357488582E-004
  3.878209372277648E-003
  1.144360198712081E-002
  5.920320600662402E-004
  4.426982999675924E-003
  6.408134943427461E-004
  5.015078670453271E-003
  1.140365630538548E-002
  6.986940358607292E-004
  5.656949920380577E-003
  7.739962561777313E-004
  6.357902626468558E-003
  1.134167550938190E-002
  8.668083696838017E-004
  7.142548089754721E-003
  9.903922409766918E-004
  8.019634437323661E-003
  1.124974450169878E-002
  1.149469546074084E-003
  9.039981465275087E-003
  1.393328210945559E-003
  1.020550174947745E-002
  1.111394652763198E-002
  1.738301651329888E-003
  1.167425408581055E-002
  2.195415205563624E-003
  1.360900071010779E-002
  1.095465813874481E-002
  2.765875052573959E-003
  1.592053603647288E-002
  3.687857396727996E-003
  1.823484032953977E-002
  1.040781069391402E-002
  5.386948994623920E-003
  2.264288993464458E-002
  9.781892034279998E-003
  3.008848777306181E-002
  9.999981616765520E-003
  1.922394091176230E-002
  3.747224613788324E-002
  3.474450653411629E-002
  4.392247302803906E-002
  7.148404120036630E-003
  5.323850221701947E-002
  4.526975524078712E-002
  6.745998109539690E-002
  4.108360960831967E-002
  5.175164015711711E-003
  7.510745357998767E-002
  3.484273590717280E-002
  7.711303716540724E-002
  2.648747147915674E-002
  4.318876728423487E-003
  7.214758253457255E-002
  1.754123906287997E-002
  5.906004388684374E-002
  9.750577494657216E-003
  4.732421041494626E-003
  3.632756896071079E-002
  3.062673841698823E-003
  6.022555474079528E-003
 -8.108707032302974E-006
 -8.108707032330441E-006
 -4.743294194825904E-006
 -2.248170158989120E-005
  2.681433125461593E-006
 -2.300813025424030E-005
  1.447311815960459E-005
 -3.446854602632887E-006
  2.707264390313945E-005
  3.956884206377077E-005
  4.051826508265471E-005
  1.085472435152777E-004
  5.339628111923550E-005
  2.019197062954562E-004
  6.577618473728600E-005
  3.206845779166050E-004
  7.740520084085096E-005
  4.616171736500394E-004
  8.818412680725081E-005
  6.251835261787269E-004
  9.827329792488122E-005
  8.081704989796770E-004
  1.076552105338737E-004
  1.010657404511339E-003
  1.165835383005879E-004
  1.230541081900614E-003
  1.253807699698592E-004
  1.467798124863223E-003
  1.341562576880233E-004
  1.722326842794444E-003
  1.438320604340191E-004
  1.994243727812686E-003
  1.540749736608676E-004
  2.286703398185607E-003
  1.670619922667490E-004
  2.600223818642102E-003
  1.820506691743367E-004
  2.943004994791091E-003
  2.026200404970548E-004
  3.317671399398207E-003
  2.263926742864745E-004
  3.737934874350582E-003
  2.592305018952406E-004
  4.203755572954431E-003
  2.950160711949671E-004
  4.758528819750052E-003
  3.648913380923317E-004
  5.410290182764092E-003
  4.866731046312582E-004
  6.212935608025353E-003
  6.301347983622459E-004
  7.257991194525719E-003
  6.972845019153658E-004
  8.547763450864679E-003
  8.700472481389927E-004
  9.619759786908547E-003
  1.212728683726663E-003
  1.260197759297589E-002
  3.338538397125198E-003
  1.949879142040263E-002
  1.032414565226730E-002
  2.632384608435007E-002
  2.307214292826952E-002
  3.374140897253491E-002
  5.205899403015125E-002
  4.503077040636477E-002
  7.345734732059772E-002
  4.130122415992359E-002
  8.352294057213425E-002
  3.426277122222554E-002
  8.538384688700132E-002
  2.746329722850149E-002
  8.044829538640091E-002
  1.911444449112055E-002
  6.660002184151295E-002
  1.208950015212342E-002
  4.148231090747892E-002
  5.341052615575942E-003
  1.137422264906597E-002
  1.137564296570213E-002
  1.140119603499067E-002
  1.143698682995355E-002
  1.147334783213205E-002
  1.150316587391484E-002
  1.152167307922263E-002
  1.152590727682152E-002
  1.151421753021065E-002
  1.148599718900806E-002
  1.144084550800323E-002
  1.137628248148231E-002
  1.130397588415564E-002
  1.118312827292596E-002
  1.096908516450705E-002
  1.195259103922902E-002
  7.177186113888722E-003
  5.389520115305073E-002
  4.090662342352237E-002
  7.503974582515398E-002
  4.316970001107863E-002
 -9.798083221905030E-004
  8.871562876705628E-002
  3.326441615730770E-002
  9.331093648685307E-002
  2.689033225312641E-002
  1.066506892638361E-003
  8.824733050147757E-002
  1.979659212306369E-002
  7.392076095109319E-002
  1.312178094258873E-002
  1.103260835153843E-003
  4.489820847025731E-002
  6.987622211065844E-003
  0.000000000000000E+000
