20080119  143305.682
 
TOMS435_PRB
  FORTRAN77 version
 
  Test TOMS algorithm 435.
 
TEST01
  GAMAINC evaluates
  the modified incomplete Gamma function.
 
  Note that, for comparison, we must
  divide GAMINC by Gamma(A).
 
      A         X         Exact Value      Computed       Diff
 
    0.1000    0.0300    0.73823506        0.73823494      0.1192E-06
    0.1000    0.3000    0.90835798        0.90835780      0.1788E-06
    0.1000    1.5000    0.98865598        0.98865587      0.1192E-06
    0.5000    0.0750    0.30146465        0.30146462      0.2980E-07
    0.5000    0.7500    0.77932864        0.77932847      0.1788E-06
    0.5000    3.5000    0.99184901        0.99184918      0.1788E-06
    1.0000    0.1000    0.95162585E-01    0.95162585E-01   0.000    
    1.0000    1.0000    0.63212055        0.63212055       0.000    
    1.0000    5.0000    0.99326205        0.99327236      0.1031E-04
    1.1000    0.1000    0.72059743E-01    0.72059751E-01  0.7451E-08
    1.1000    1.0000    0.58918095        0.58918101      0.5960E-07
    1.1000    5.0000    0.99153680        0.99154407      0.7272E-05
    2.0000    0.1500    0.10185828E-01    0.10185829E-01  0.1863E-08
    2.0000    1.5000    0.44217461        0.44217461       0.000    
    2.0000    7.0000    0.99270493        0.99270493       0.000    
    6.0000    2.5000    0.42021040E-01    0.42021040E-01   0.000    
    6.0000   12.0000    0.97965896        0.97965789      0.1073E-05
   11.0000   16.0000    0.92260396        0.92250806      0.9590E-04
   26.0000   25.0000    0.44707859        1.00000000      0.5529    
   41.0000   45.0000    0.74445492                   NaN         NaN
 
TOMS435_PRB
  Normal end of execution.
 
20080119  143305.685
