23 January   2008   4:03:25.737 PM      
 
ASA005_PRB:
  FORTRAN77 version
 
  Test routines in the ASA005 library.
 
TEST01:
  PRNCST computes the noncentral Student T 
  Cumulative Density Function.
  Compare with tabulated values.
 
        X         LAMBDA        DF      CDF             CDF           DIFF
                                        Tabulated       PRNCST
 
      3.0000      0.0000         1    0.897584        0.897584      0.1422E-06
      3.0000      0.0000         2    0.952267        0.952267      0.4057E-10
      3.0000      0.0000         3    0.971166        0.971166      0.1192E-06
      3.0000      0.5000         1    0.823122        0.823122      0.2475E-06
      3.0000      0.5000         2    0.904902        0.904902      0.2709E-09
      3.0000      0.5000         3    0.936347        0.936347      0.1793E-06
      3.0000      1.0000         1    0.730103        0.730103      0.2301E-06
      3.0000      1.0000         2    0.833559        0.833559      0.2525E-08
      3.0000      1.0000         3    0.877401        0.877401      0.1544E-06
      3.0000      2.0000         1    0.524857        0.524857      0.1809E-06
      3.0000      2.0000         2    0.629386        0.629386      0.9201E-11
      3.0000      2.0000         3    0.680027        0.680027      0.9708E-07
      3.0000      4.0000         1    0.205901        0.205901      0.9857E-07
      3.0000      4.0000         2    0.211215        0.211215      0.1848E-10
      3.0000      4.0000         3    0.207473        0.207473      0.1513E-07
     15.0000      7.0000        15    0.998113        0.998113      0.4161E-07
     15.0000      7.0000        20    0.999487        0.999487      0.4840E-10
     15.0000      7.0000        25    0.999839        0.999839      0.1128E-07
      0.0500      1.0000         1    0.168611        0.168611      0.1206E-07
      0.0500      1.0000         2    0.169680        0.169680      0.6703E-08
      0.0500      1.0000         3    0.170104        0.170104      0.9778E-08
      4.0000      2.0000        10    0.924768        0.924768      0.3845E-11
      4.0000      3.0000        10    0.748314        0.748314      0.1129E-12
      4.0000      4.0000        10    0.465980        0.465980      0.3578E-10
      5.0000      2.0000        10    0.976187        0.976187      0.3399E-10
      5.0000      3.0000        10    0.897969        0.897969      0.4477E-10
      5.0000      4.0000        10    0.718190        0.718190      0.1422E-10
      6.0000      2.0000        10    0.992366        0.992366      0.3199E-10
      6.0000      3.0000        10    0.961034        0.961034      0.6186E-10
      6.0000      4.0000        10    0.868801        0.868801      0.1047E-10
 
ASA005_PRB:
  Normal end of execution.
 
23 January   2008   4:03:25.741 PM      
