  0.0000    0.0000     0.00000    
  0.0833    0.0000     0.00000    
  0.1667    0.0000     0.00000    
  0.2500    0.0000     0.00000    
  0.3333    0.0000     0.00000    
  0.4167    0.0000     0.00000    
  0.5000    0.0000     0.00000    
  0.5833    0.0000     0.00000    
  0.6667    0.0000     0.00000    
  0.7500    0.0000     0.00000    
  0.8333    0.0000     0.00000    
  0.9167    0.0000     0.00000    
  1.0000    0.0000     0.00000    
  0.0000    0.0833     0.00000    
  0.0833    0.0833    0.669998E-01
  0.1667    0.0833    0.129408    
  0.2500    0.0833    0.183047    
  0.3333    0.0833    0.224142    
  0.4167    0.0833    0.250047    
  0.5000    0.0833    0.258817    
  0.5833    0.0833    0.250047    
  0.6667    0.0833    0.224142    
  0.7500    0.0833    0.183047    
  0.8333    0.0833    0.129408    
  0.9167    0.0833    0.669998E-01
  1.0000    0.0833    0.316962E-16
  0.0000    0.1667     0.00000    
  0.0833    0.1667    0.129408    
  0.1667    0.1667    0.249847    
  0.2500    0.1667    0.353550    
  0.3333    0.1667    0.432749    
  0.4167    0.1667    0.482958    
  0.5000    0.1667    0.499695    
  0.5833    0.1667    0.482958    
  0.6667    0.1667    0.432748    
  0.7500    0.1667    0.353550    
  0.8333    0.1667    0.249847    
  0.9167    0.1667    0.129408    
  1.0000    0.1667    0.612323E-16
  0.0000    0.2500     0.00000    
  0.0833    0.2500    0.183047    
  0.1667    0.2500    0.353550    
  0.2500    0.2500    0.500093    
  0.3333    0.2500    0.612367    
  0.4167    0.2500    0.683140    
  0.5000    0.2500    0.707100    
  0.5833    0.2500    0.683140    
  0.6667    0.2500    0.612367    
  0.7500    0.2500    0.500093    
  0.8333    0.2500    0.353550    
  0.9167    0.2500    0.183047    
  1.0000    0.2500    0.865956E-16
  0.0000    0.3333     0.00000    
  0.0833    0.3333    0.224142    
  0.1667    0.3333    0.432749    
  0.2500    0.3333    0.612367    
  0.3333    0.3333    0.749542    
  0.4167    0.3333    0.836508    
  0.5000    0.3333    0.865497    
  0.5833    0.3333    0.836508    
  0.6667    0.3333    0.749542    
  0.7500    0.3333    0.612367    
  0.8333    0.3333    0.432748    
  0.9167    0.3333    0.224142    
  1.0000    0.3333    0.106058E-15
  0.0000    0.4167     0.00000    
  0.0833    0.4167    0.250047    
  0.1667    0.4167    0.482958    
  0.2500    0.4167    0.683140    
  0.3333    0.4167    0.836508    
  0.4167    0.4167    0.933186    
  0.5000    0.4167    0.965917    
  0.5833    0.4167    0.933186    
  0.6667    0.4167    0.836508    
  0.7500    0.4167    0.683140    
  0.8333    0.4167    0.482958    
  0.9167    0.4167    0.250047    
  1.0000    0.4167    0.118292E-15
  0.0000    0.5000     0.00000    
  0.0833    0.5000    0.258817    
  0.1667    0.5000    0.499695    
  0.2500    0.5000    0.707100    
  0.3333    0.5000    0.865497    
  0.4167    0.5000    0.965917    
  0.5000    0.5000    0.999390    
  0.5833    0.5000    0.965917    
  0.6667    0.5000    0.865497    
  0.7500    0.5000    0.707100    
  0.8333    0.5000    0.499695    
  0.9167    0.5000    0.258817    
  1.0000    0.5000    0.122465E-15
  0.0000    0.5833     0.00000    
  0.0833    0.5833    0.250047    
  0.1667    0.5833    0.482958    
  0.2500    0.5833    0.683140    
  0.3333    0.5833    0.836508    
  0.4167    0.5833    0.933186    
  0.5000    0.5833    0.965917    
  0.5833    0.5833    0.933186    
  0.6667    0.5833    0.836508    
  0.7500    0.5833    0.683140    
  0.8333    0.5833    0.482958    
  0.9167    0.5833    0.250047    
  1.0000    0.5833    0.118292E-15
  0.0000    0.6667     0.00000    
  0.0833    0.6667    0.224142    
  0.1667    0.6667    0.432748    
  0.2500    0.6667    0.612367    
  0.3333    0.6667    0.749542    
  0.4167    0.6667    0.836508    
  0.5000    0.6667    0.865497    
  0.5833    0.6667    0.836508    
  0.6667    0.6667    0.749542    
  0.7500    0.6667    0.612367    
  0.8333    0.6667    0.432748    
  0.9167    0.6667    0.224142    
  1.0000    0.6667    0.106058E-15
  0.0000    0.7500     0.00000    
  0.0833    0.7500    0.183047    
  0.1667    0.7500    0.353550    
  0.2500    0.7500    0.500093    
  0.3333    0.7500    0.612367    
  0.4167    0.7500    0.683140    
  0.5000    0.7500    0.707100    
  0.5833    0.7500    0.683140    
  0.6667    0.7500    0.612367    
  0.7500    0.7500    0.500093    
  0.8333    0.7500    0.353550    
  0.9167    0.7500    0.183047    
  1.0000    0.7500    0.865956E-16
  0.0000    0.8333     0.00000    
  0.0833    0.8333    0.129408    
  0.1667    0.8333    0.249847    
  0.2500    0.8333    0.353550    
  0.3333    0.8333    0.432748    
  0.4167    0.8333    0.482958    
  0.5000    0.8333    0.499695    
  0.5833    0.8333    0.482958    
  0.6667    0.8333    0.432748    
  0.7500    0.8333    0.353550    
  0.8333    0.8333    0.249847    
  0.9167    0.8333    0.129408    
  1.0000    0.8333    0.612323E-16
  0.0000    0.9167     0.00000    
  0.0833    0.9167    0.669998E-01
  0.1667    0.9167    0.129408    
  0.2500    0.9167    0.183047    
  0.3333    0.9167    0.224142    
  0.4167    0.9167    0.250047    
  0.5000    0.9167    0.258817    
  0.5833    0.9167    0.250047    
  0.6667    0.9167    0.224142    
  0.7500    0.9167    0.183047    
  0.8333    0.9167    0.129408    
  0.9167    0.9167    0.669998E-01
  1.0000    0.9167    0.316962E-16
  0.0000    1.0000     0.00000    
  0.0833    1.0000    0.316962E-16
  0.1667    1.0000    0.612323E-16
  0.2500    1.0000    0.865956E-16
  0.3333    1.0000    0.106058E-15
  0.4167    1.0000    0.118292E-15
  0.5000    1.0000    0.122465E-15
  0.5833    1.0000    0.118292E-15
  0.6667    1.0000    0.106058E-15
  0.7500    1.0000    0.865956E-16
  0.8333    1.0000    0.612323E-16
  0.9167    1.0000    0.316962E-16
  1.0000    1.0000    0.149976E-31
