Mass of 100 inch cube with 0.01 cutout
16 10 2.0
    1         100.00      0.00      0.00
    2         100.00      0.00    100.00
    3         100.00    100.00    100.00
    4         100.00    100.00      0.00
    5           0.00      0.00    100.00
    6           0.00    100.00    100.00
    7           0.00    100.00      0.00
    8           0.00      0.00      0.00
    9         100.00      0.01      0.01
   10         100.00      0.01     99.99
   11         100.00     99.99     99.99
   12         100.00     99.99      0.01
   13           0.00      0.01      0.01
   14           0.00      0.01     99.99
   15           0.00     99.99     99.99
1  16           0.00     99.99      0.01
    1    1    2    3    4    1
    1    9   12   11   10    9
    2    7    6    5    8    7
    2   13   14   15   16   13
    3    1    4    7    8    1
    4    4    3    6    7    4
    5    3    2    5    6    3
    6    1    8    5    2    1
    7    9   10   14   13    9
    8    9   13   16   12    9
    9   10   11   15   14   10
1  10   12   16   15   11   12 
END
