     12.3878           2
     11.9679           0
     11.5479           1
     11.1280           1
     10.7081           0
     10.2882           1
     9.86824           2
     9.44831           5
     9.02839           2
     8.60846           7
     8.18854           3
     7.76861           7
     7.34869           6
     6.92876           8
     6.50884          13
     6.08891           6
     5.66899           7
     5.24906          13
     4.82914          16
     4.40921          24
     3.98929          26
     3.56936          26
     3.14944          43
     2.72951          53
     2.30959          66
     1.88966          84
     1.46974          99
     1.04981         139
    0.629888         147
    0.209963         194
