 8 November  2012   9:05:48.693 PM      
 
TOMS793_PRB:
  Test the TOMS793 library.

TEST01
  Test ???
     n    m        integral         rel error   err const

     1    2   0.33489746814958D+01  0.2504E+00  0.8161D+00
     2    4   0.44369266068371D+01  0.6904E-02  0.1730D-01
     3    6   0.44674130628545D+01  0.8071E-04  0.1524D-03
     4    8   0.44677713487831D+01  0.5143E-06  0.7027D-06
     5   10   0.44677736372189D+01  0.2052E-08  0.1995D-08
     6   12   0.44677736463627D+01  0.5600E-11  0.3838D-11
     7   14   0.44677736463877D+01  0.1491E-13  0.5334D-14
     8   16   0.44677736463878D+01  0.5964E-15  0.5607D-17
     9   18   0.44677736463878D+01  0.1789E-14  0.4614D-20
    10   20   0.44677736463878D+01  0.3976E-15  0.3054D-23

TEST02
  Test ???
     n    m        integral          rel error    err const

     1    2   0.76090037369184D+01   0.4115E+00   0.2810D+01
     2    4   0.12820104334736D+02   0.8442E-02   0.3754D-01
     3    6   0.12927897586232D+02   0.1051E-03   0.3170D-03
     4    8   0.12929249074785D+02   0.6014E-06   0.1432D-05
     5   10   0.12929256953344D+02   0.7993E-08   0.4018D-08
     6   12   0.12929256859428D+02   0.7289E-09   0.7674D-11
     7   14   0.12929256850633D+02   0.4870E-10   0.1061D-13
     8   16   0.12929256850045D+02   0.3244E-11   0.1112D-16
     9   18   0.12929256850005D+02   0.1856E-12   0.9128D-20
    10   20   0.12929256850003D+02   0.2624E-13   0.6029D-23

TEST03
  Test ???


     n    m        integral          rel error    err const

     1    2   0.75464569543048D+01   0.1642E-01   0.1204D-01  om= 0.100
     2    4   0.76676611672816D+01   0.6258E-03   0.4843D-04
     3    6   0.76723634334878D+01   0.1292E-04   0.8441D-07
     4    8   0.76724613152951D+01   0.1657E-06   0.8250D-10
     5   10   0.76724625749979D+01   0.1482E-08   0.5157D-13
     6   12   0.76724625862945D+01   0.9914E-11   0.2238D-16
     7   14   0.76724625863701D+01   0.5962E-13   0.7136D-20
     8   16   0.76724625863705D+01   0.7872E-14   0.1742D-23
     9   18   0.76724625863706D+01   0.4746E-14   0.3360D-27
    10   20   0.76724625863706D+01   0.6367E-14   0.5249D-31


     1    2   0.24850912542716D+01   0.2665E-01   0.3101D-01  om= 0.500
     2    4   0.25505961352628D+01   0.9953E-03   0.1217D-03
     3    6   0.25530853848234D+01   0.2028E-04   0.2113D-06
     4    8   0.25531364985082D+01   0.2581E-06   0.2062D-09
     5   10   0.25531371515746D+01   0.2298E-08   0.1289D-12
     6   12   0.25531371574028D+01   0.1530E-10   0.5591D-16
     7   14   0.25531371574417D+01   0.7827E-13   0.1782D-19
     8   16   0.25531371574419D+01   0.1565E-14   0.4350D-23
     9   18   0.25531371574419D+01   0.5218E-15   0.8390D-27
    10   20   0.25531371574419D+01   0.2261E-14   0.1311D-30


     1    2   0.14335383524051D+01   0.3039E-01   0.4022D-01  om= 1.000
     2    4   0.14768045526316D+01   0.1125E-02   0.1563D-03
     3    6   0.14784335049727D+01   0.2279E-04   0.2709D-06
     4    8   0.14784667785431D+01   0.2893E-06   0.2643D-09
     5   10   0.14784672025085D+01   0.2572E-08   0.1651D-12
     6   12   0.14784672062853D+01   0.1712E-10   0.7162D-16
     7   14   0.14784672063104D+01   0.1021E-12   0.2283D-19
     8   16   0.14784672063106D+01   0.1081E-13   0.5572D-23
     9   18   0.14784672063106D+01   0.1111E-13   0.1075D-26
    10   20   0.14784672063106D+01   0.1186E-13   0.1679D-30


     1    2   0.79062183660300D+00   0.3313E-01   0.4783D-01  om= 1.999
     2    4   0.81671889752784D+00   0.1217E-02   0.1844D-03
     3    6   0.81769408432290D+00   0.2457E-04   0.3193D-06
     4    8   0.81771392471853D+00   0.3113E-06   0.3114D-09
     5   10   0.81771417700064D+00   0.2763E-08   0.1944D-12
     6   12   0.81771417924499D+00   0.1836E-10   0.8434D-16
     7   14   0.81771417925993D+00   0.9042E-13   0.2688D-19
     8   16   0.81771417926000D+00   0.4480E-14   0.6561D-23
     9   18   0.81771417926000D+00   0.3394E-14   0.1265D-26
    10   20   0.81771417926000D+00   0.3666E-14   0.1977D-30


     1    2   0.79027050508127D+00   0.3313E-01   0.4783D-01  om= 2.000
     2    4   0.81635728109842D+00   0.1217E-02   0.1844D-03
     3    6   0.81733207910043D+00   0.2458E-04   0.3193D-06
     4    8   0.81735191153903D+00   0.3113E-06   0.3114D-09
     5   10   0.81735216371965D+00   0.2763E-08   0.1945D-12
     6   12   0.81735216596310D+00   0.1837E-10   0.8435D-16
     7   14   0.81735216597803D+00   0.1024E-12   0.2689D-19
     8   16   0.81735216597810D+00   0.6248E-14   0.6562D-23
     9   18   0.81735216597810D+00   0.6248E-14   0.1265D-26
    10   20   0.81735216597810D+00   0.6656E-14   0.1977D-30


     1    2   0.54782395490603D+00   0.3427E-01   0.5121D-01  om= 3.000
     2    4   0.56655256475675D+00   0.1255E-02   0.1968D-03
     3    6   0.56725009686416D+00   0.2530E-04   0.3405D-06
     4    8   0.56726426433430D+00   0.3201E-06   0.3320D-09
     5   10   0.56726444432504D+00   0.2840E-08   0.2073D-12
     6   12   0.56726444592537D+00   0.1887E-10   0.8993D-16
     7   14   0.56726444593601D+00   0.1069E-12   0.2867D-19
     8   16   0.56726444593607D+00   0.6654E-14   0.6996D-23
     9   18   0.56726444593607D+00   0.6067E-14   0.1349D-26
    10   20   0.56726444593606D+00   0.8807E-14   0.2108D-30


     1    2   0.54765642732475D+00   0.3427E-01   0.5121D-01  om= 3.001
     2    4   0.56637976755518D+00   0.1255E-02   0.1968D-03
     3    6   0.56707710173668D+00   0.2530E-04   0.3405D-06
     4    8   0.56709126516970D+00   0.3201E-06   0.3321D-09
     5   10   0.56709144510904D+00   0.2840E-08   0.2073D-12
     6   12   0.56709144670891D+00   0.1887E-10   0.8994D-16
     7   14   0.56709144671955D+00   0.1008E-12   0.2867D-19
     8   16   0.56709144671961D+00   0.1958E-14   0.6996D-23
     9   18   0.56709144671961D+00   0.1958E-14   0.1349D-26
    10   20   0.56709144671961D+00   0.3328E-14   0.2108D-30


     1    2   0.16686705970311D+00   0.3618E-01   0.5719D-01  om=10.500
     2    4   0.17290250057023D+00   0.1317E-02   0.2186D-03
     3    6   0.17312598211460D+00   0.2648E-04   0.3778D-06
     4    8   0.17313050811304D+00   0.3346E-06   0.3682D-09
     5   10   0.17313056552844D+00   0.2965E-08   0.2299D-12
     6   12   0.17313056603844D+00   0.1967E-10   0.9971D-16
     7   14   0.17313056604183D+00   0.8513E-13   0.3178D-19
     8   16   0.17313056604184D+00   0.1796E-13   0.7756D-23
     9   18   0.17313056604184D+00   0.1587E-13   0.1496D-26
    10   20   0.17313056604184D+00   0.1780E-13   0.2336D-30


     1    2   0.35849757449253D-01   0.3687E-01   0.5945D-01  om=50.000
     2    4   0.37172220145055D-01   0.1340E-02   0.2267D-03
     3    6   0.37221081183120D-01   0.2690E-04   0.3917D-06
     4    8   0.37222069673182D-01   0.3397E-06   0.3818D-09
     5   10   0.37222082206026D-01   0.3010E-08   0.2384D-12
     6   12   0.37222082317311D-01   0.1997E-10   0.1034D-15
     7   14   0.37222082318050D-01   0.1055E-12   0.3295D-19
     8   16   0.37222082318054D-01   0.5593E-15   0.8041D-23
     9   18   0.37222082318054D-01   0.1305E-14   0.1551D-26
    10   20   0.37222082318054D-01   0.1119E-14   0.2422D-30



TEST05
  Test ???
     n    m        integral          rel error    err const

     1    2   0.27540902998306D+00   0.5199E-01   0.2782D+00
     2    4   0.29012218422625D+00   0.1343E-02   0.5457D-01
     3    6   0.29050451350811D+00   0.2721E-04   0.9089D-02
     4    8   0.29051227564405D+00   0.4866E-06   0.1394D-02
     5   10   0.29051241467479D+00   0.8071E-08   0.2033D-03
     6   12   0.29051241698254D+00   0.1272E-09   0.2868D-04
     7   14   0.29051241701893D+00   0.1925E-11   0.3950D-05
     8   16   0.29051241701948D+00   0.2197E-13   0.5343D-06
     9   18   0.29051241701949D+00   0.8216E-14   0.7128D-07
    10   20   0.29051241701949D+00   0.7452E-14   0.9403D-08

TEST06
  Test ???
     n    m        integral          rel error    err const

     1    1   0.28430903156845D+00   0.2512E+00   0.1600D+00
     2    3   0.37673641714434D+00   0.7828E-02   0.1738D-01
     3    5   0.37964411940764D+00   0.1705E-03   0.2003D-02
     4    7   0.37970766344352D+00   0.3167E-05   0.2344D-03
     5    9   0.37970884559901D+00   0.5372E-07   0.2762D-04
     6   11   0.37970886567178D+00   0.8593E-09   0.3265D-05
     7   13   0.37970886599307D+00   0.1319E-10   0.3869D-06
     8   15   0.37970886599800D+00   0.1972E-12   0.4592D-07
     9   17   0.37970886599807D+00   0.4678E-14   0.5454D-08
    10   19   0.37970886599807D+00   0.1023E-14   0.6482D-09

TEST07
  Test ???
     n    m        integral          rel error    err const

     1    1   0.16904066964116D+01   0.2376E+00   0.4276D-03
     2    3   0.22011951368759D+01   0.7196E-02   0.3995D-04
     3    5   0.22168095642127D+01   0.1536E-03   0.4279D-05
     4    7   0.22171438690047D+01   0.2811E-05   0.4785D-06
     5    9   0.22171499969530D+01   0.4689E-07   0.5462D-07
     6   11   0.22171500993576D+01   0.7007E-09   0.6305D-08
     7   13   0.22171501008772D+01   0.1533E-10   0.7332D-09
     8   15   0.22171501009074D+01   0.1703E-11   0.8568D-10
     9   17   0.22171501009114D+01   0.7892E-13   0.1005D-10
    10   19   0.22171501009114D+01   0.1016E-12   0.1181D-11
 
TOMS793_PRB:
  Normal end of execution.
 
 8 November  2012   9:05:48.778 PM      
