20060111  062810.000
 
TOMS392_PRB
  Test TOMS algorithm 392, which approximates
  the time evolution of a system governed
  by hyperpolic PDE's.
1
 
       X               Y               U               V
 
     0.00000         0.00000         0.00000         2.00000    
    0.125000E-01     0.00000         0.00000         2.02516    
    0.250000E-01     0.00000         0.00000         2.05063    
    0.375000E-01     0.00000         0.00000         2.07642    
    0.500000E-01     0.00000         0.00000         2.10254    
    0.625000E-01     0.00000         0.00000         2.12899    
    0.750000E-01     0.00000         0.00000         2.15577    
    0.875000E-01     0.00000         0.00000         2.18288    
    0.100000         0.00000         0.00000         2.21034    
    0.112500         0.00000         0.00000         2.23814    
    0.125000         0.00000         0.00000         2.26630    
    0.137500         0.00000         0.00000         2.29480    
    0.150000         0.00000         0.00000         2.32367    
    0.162500         0.00000         0.00000         2.35290    
    0.175000         0.00000         0.00000         2.38249    
    0.187500         0.00000         0.00000         2.41246    
    0.200000         0.00000         0.00000         2.44281    
    0.212500         0.00000         0.00000         2.47353    
    0.225000         0.00000         0.00000         2.50465    
    0.237500         0.00000         0.00000         2.53615    
    0.250000         0.00000         0.00000         2.56805    
    0.262500         0.00000         0.00000         2.60035    
    0.275000         0.00000         0.00000         2.63306    
    0.287500         0.00000         0.00000         2.66618    
    0.300000         0.00000         0.00000         2.69972    
    0.312500         0.00000         0.00000         2.73368    
    0.325000         0.00000         0.00000         2.76806    
    0.337500         0.00000         0.00000         2.80288    
    0.350000         0.00000         0.00000         2.83814    
    0.362500         0.00000         0.00000         2.87383    
    0.375000         0.00000         0.00000         2.90998    
    0.387500         0.00000         0.00000         2.94659    
    0.400000         0.00000         0.00000         2.98365    
    0.412500         0.00000         0.00000         3.02118    
    0.425000         0.00000         0.00000         3.05918    
    0.437500         0.00000         0.00000         3.09766    
    0.450000         0.00000         0.00000         3.13662    
    0.462500         0.00000         0.00000         3.17608    
    0.475000         0.00000         0.00000         3.21603    
    0.487500         0.00000         0.00000         3.25648    
    0.500000         0.00000         0.00000         3.29744    
    0.512500         0.00000         0.00000         3.33892    
    0.525000         0.00000         0.00000         3.38092    
    0.537500         0.00000         0.00000         3.42344    
    0.550000         0.00000         0.00000         3.46651    
    0.562500         0.00000         0.00000         3.51011    
    0.575000         0.00000         0.00000         3.55426    
    0.587500         0.00000         0.00000         3.59897    
    0.600000         0.00000         0.00000         3.64424    
    0.612500         0.00000         0.00000         3.69008    
    0.625000         0.00000         0.00000         3.73649    
    0.637500         0.00000         0.00000         3.78349    
    0.650000         0.00000         0.00000         3.83108    
    0.662500         0.00000         0.00000         3.87927    
    0.675000         0.00000         0.00000         3.92807    
    0.687500         0.00000         0.00000         3.97747    
    0.700000         0.00000         0.00000         4.02751    
    0.712500         0.00000         0.00000         4.07817    
    0.725000         0.00000         0.00000         4.12946    
    0.737500         0.00000         0.00000         4.18140    
    0.750000         0.00000         0.00000         4.23400    
    0.762500         0.00000         0.00000         4.28726    
    0.775000         0.00000         0.00000         4.34118    
    0.787500         0.00000         0.00000         4.39579    
    0.800000         0.00000         0.00000         4.45108    
    0.812500         0.00000         0.00000         4.50707    
    0.825000         0.00000         0.00000         4.56376    
    0.837500         0.00000         0.00000         4.62117    
    0.850000         0.00000         0.00000         4.67929    
    0.862500         0.00000         0.00000         4.73815    
    0.875000         0.00000         0.00000         4.79775    
    0.887500         0.00000         0.00000         4.85810    
    0.900000         0.00000         0.00000         4.91921    
    0.912500         0.00000         0.00000         4.98108    
    0.925000         0.00000         0.00000         5.04374    
    0.937500         0.00000         0.00000         5.10718    
    0.950000         0.00000         0.00000         5.17142    
    0.962500         0.00000         0.00000         5.23647    
    0.975000         0.00000         0.00000         5.30233    
    0.987500         0.00000         0.00000         5.36903    
     1.00000         0.00000         0.00000         5.43656    
1
    0.267232E-01    0.447354E-01    0.918647E-01     2.05211    
    0.392533E-01    0.454718E-01    0.945513E-01     2.07792    
    0.517844E-01    0.462147E-01    0.973061E-01     2.10405    
    0.643164E-01    0.469640E-01    0.100132         2.13051    
    0.768495E-01    0.477202E-01    0.103024         2.15730    
    0.893836E-01    0.484832E-01    0.105991         2.18443    
    0.101919        0.492532E-01    0.109032         2.21190    
    0.114455        0.500303E-01    0.112146         2.23972    
    0.126992        0.508148E-01    0.115342         2.26788    
    0.139530        0.516067E-01    0.118617         2.29640    
    0.152070        0.524060E-01    0.121973         2.32528    
    0.164610        0.532133E-01    0.125411         2.35453    
    0.177152        0.540283E-01    0.128939         2.38414    
    0.189695        0.548514E-01    0.132553         2.41412    
    0.202239        0.556825E-01    0.136254         2.44448    
    0.214784        0.565223E-01    0.140055         2.47523    
    0.227331        0.573700E-01    0.143947         2.50636    
    0.239879        0.582267E-01    0.147940         2.53788    
    0.252428        0.590919E-01    0.152032         2.56980    
    0.264978        0.599659E-01    0.156224         2.60212    
    0.277530        0.608494E-01    0.160527         2.63484    
    0.290084        0.617419E-01    0.164938         2.66798    
    0.302638        0.626433E-01    0.169458         2.70153    
    0.315194        0.635543E-01    0.174089         2.73551    
    0.327752        0.644753E-01    0.178840         2.76992    
    0.340311        0.654056E-01    0.183714         2.80475    
    0.352872        0.663462E-01    0.188707         2.84003    
    0.365434        0.672970E-01    0.193820         2.87575    
    0.377999        0.682578E-01    0.199072         2.91192    
    0.390565        0.692290E-01    0.204453         2.94854    
    0.403132        0.702114E-01    0.209969         2.98563    
    0.415701        0.712031E-01    0.215629         3.02318    
    0.428272        0.722064E-01    0.221429         3.06120    
    0.440845        0.732213E-01    0.227369         3.09970    
    0.453420        0.742460E-01    0.233470         3.13869    
    0.465997        0.752832E-01    0.239721         3.17817    
    0.478575        0.763319E-01    0.246127         3.21814    
    0.491156        0.773919E-01    0.252695         3.25861    
    0.503739        0.784642E-01    0.259431         3.29960    
    0.516324        0.795477E-01    0.266343         3.34110    
    0.528911        0.806445E-01    0.273424         3.38312    
    0.541501        0.817532E-01    0.280688         3.42567    
    0.554093        0.828739E-01    0.288133         3.46876    
    0.566687        0.840076E-01    0.295771         3.51239    
    0.579283        0.851540E-01    0.303595         3.55657    
    0.591883        0.863141E-01    0.311626         3.60130    
    0.604484        0.874870E-01    0.319854         3.64660    
    0.617088        0.886730E-01    0.328292         3.69246    
    0.629695        0.898727E-01    0.336937         3.73890    
    0.642305        0.910874E-01    0.345814         3.78593    
    0.654917        0.923158E-01    0.354902         3.83355    
    0.667533        0.935569E-01    0.364232         3.88176    
    0.680151        0.948134E-01    0.373801         3.93059    
    0.692771        0.960837E-01    0.383604         3.98003    
    0.705396        0.973706E-01    0.393665         4.03008    
    0.718024        0.986700E-01    0.403970         4.08077    
    0.730654        0.999868E-01    0.414537         4.13210    
    0.743288        0.101316        0.425376         4.18407    
    0.755926        0.102665        0.436494         4.23670    
    0.768567        0.104025        0.447892         4.28999    
    0.781212        0.105405        0.459578         4.34394    
    0.793860        0.106797        0.471559         4.39858    
    0.806512        0.108209        0.483852         4.45390    
    0.819168        0.109635        0.496451         4.50992    
    0.831828        0.111080        0.509378         4.56665    
    0.844492        0.112541        0.522628         4.62409    
    0.857159        0.114018        0.536214         4.68225    
    0.869832        0.115516        0.550140         4.74114    
    0.882509        0.117027        0.564422         4.80077    
    0.895190        0.118559        0.579071         4.86115    
    0.907876        0.120109        0.594096         4.92229    
    0.920566        0.121677        0.609491         4.98421    
    0.933261        0.123264        0.625285         5.04689    
    0.945962        0.124867        0.641491         5.11037    
    0.958667        0.126491        0.658103         5.17465    
    0.971377        0.128136        0.675135         5.23973    
    0.984093        0.129797        0.692588         5.30563    
1
    0.571212E-01    0.922916E-01    0.195155         2.10855    
    0.697491E-01    0.937855E-01    0.200826         2.13505    
    0.823809E-01    0.952923E-01    0.206637         2.16188    
    0.950168E-01    0.968128E-01    0.212593         2.18905    
    0.107657        0.983471E-01    0.218700         2.21656    
    0.120301        0.998955E-01    0.224956         2.24442    
    0.132949        0.101458        0.231372         2.27263    
    0.145602        0.103036        0.237948         2.30120    
    0.158259        0.104628        0.244691         2.33012    
    0.170921        0.106235        0.251602         2.35941    
    0.183587        0.107857        0.258683         2.38907    
    0.196258        0.109496        0.265947         2.41910    
    0.208933        0.111150        0.273392         2.44951    
    0.221614        0.112822        0.281025         2.48030    
    0.234299        0.114509        0.288849         2.51148    
    0.246990        0.116213        0.296875         2.54306    
    0.259685        0.117934        0.305097         2.57503    
    0.272387        0.119673        0.313534         2.60740    
    0.285093        0.121429        0.322180         2.64018    
    0.297805        0.123204        0.331045         2.67337    
    0.310523        0.124997        0.340140         2.70698    
    0.323246        0.126807        0.349465         2.74101    
    0.335976        0.128638        0.359019         2.77548    
    0.348712        0.130486        0.368809         2.81037    
    0.361454        0.132355        0.378856         2.84571    
    0.374202        0.134243        0.389162         2.88149    
    0.386957        0.136151        0.399725         2.91772    
    0.399718        0.138079        0.410558         2.95440    
    0.412486        0.140028        0.421666         2.99155    
    0.425262        0.141998        0.433046         3.02917    
    0.438044        0.143989        0.444730         3.06726    
    0.450834        0.146000        0.456708         3.10583    
    0.463631        0.148035        0.468986         3.14488    
    0.476436        0.150091        0.481570         3.18442    
    0.489249        0.152169        0.494489         3.22446    
    0.502069        0.154270        0.507730         3.26501    
    0.514899        0.156395        0.521304         3.30607    
    0.527736        0.158542        0.535227         3.34764    
    0.540583        0.160714        0.549514         3.38973    
    0.553438        0.162908        0.564162         3.43236    
    0.566302        0.165127        0.579181         3.47552    
    0.579176        0.167370        0.594587         3.51922    
    0.592059        0.169638        0.610378         3.56348    
    0.604951        0.171932        0.626575         3.60829    
    0.617853        0.174249        0.643178         3.65367    
    0.630767        0.176596        0.660218         3.69961    
    0.643691        0.178967        0.677685         3.74614    
    0.656624        0.181364        0.695607         3.79324    
    0.669570        0.183789        0.713989         3.84095    
    0.682526        0.186239        0.732830         3.88925    
    0.695494        0.188719        0.752162         3.93816    
    0.708474        0.191224        0.771981         3.98768    
    0.721466        0.193760        0.792303         4.03783    
    0.734470        0.196323        0.813168         4.08861    
    0.747488        0.198916        0.834563         4.14003    
    0.760518        0.201535        0.856481         4.19209    
    0.773561        0.204188        0.878988         4.24481    
    0.786618        0.206868        0.902080         4.29819    
    0.799690        0.209581        0.925721         4.35225    
    0.812775        0.212320        0.950024         4.40698    
    0.825875        0.215092        0.974946         4.46240    
    0.838991        0.217898         1.00049         4.51852    
    0.852121        0.220731         1.02666         4.57534    
    0.865268        0.223599         1.05352         4.63289    
    0.878431        0.226500         1.08110         4.69115    
    0.891609        0.229429         1.10935         4.75014    
    0.904806        0.232396         1.13864         4.80988    
    0.918019        0.235395         1.16810         4.87037    
    0.931250        0.238426         1.19863         4.93161    
    0.944500        0.241497         1.23000         4.99363    
    0.957769        0.244597         1.26223         5.05643    
    0.971056        0.247733         1.29522         5.12003    
    0.984362        0.250907         1.32881         5.18441    
1
    0.915464E-01    0.142573        0.311426         2.16949    
    0.104351        0.144840        0.320419         2.19673    
    0.117164        0.147127        0.329639         2.22431    
    0.129987        0.149435        0.339094         2.25223    
    0.142819        0.151764        0.348787         2.28052    
    0.155660        0.154114        0.358720         2.30916    
    0.168511        0.156485        0.368900         2.33815    
    0.181373        0.158879        0.379349         2.36752    
    0.194245        0.161295        0.390054         2.39725    
    0.207127        0.163734        0.401033         2.42736    
    0.220019        0.166196        0.412290         2.45785    
    0.232923        0.168682        0.423829         2.48873    
    0.245837        0.171192        0.435665         2.51999    
    0.258763        0.173727        0.447804         2.55165    
    0.271700        0.176285        0.460248         2.58370    
    0.284649        0.178870        0.473013         2.61616    
    0.297611        0.181480        0.486098         2.64904    
    0.310584        0.184116        0.499519         2.68232    
    0.323571        0.186779        0.513283         2.71602    
    0.336570        0.189468        0.527382         2.75015    
    0.349582        0.192185        0.541857         2.78471    
    0.362608        0.194928        0.556709         2.81969    
    0.375647        0.197699        0.571927         2.85513    
    0.388701        0.200500        0.587541         2.89101    
    0.401769        0.203328        0.603553         2.92734    
    0.414852        0.206186        0.619967         2.96413    
    0.427949        0.209073        0.636814         3.00138    
    0.441063        0.211990        0.654092         3.03910    
    0.454192        0.214937        0.671806         3.07730    
    0.467337        0.217914        0.689972         3.11597    
    0.480499        0.220926        0.708618         3.15514    
    0.493677        0.223964        0.727733         3.19480    
    0.506874        0.227038        0.747334         3.23495    
    0.520087        0.230143        0.767448         3.27561    
    0.533320        0.233280        0.788085         3.31679    
    0.546570        0.236451        0.809250         3.35848    
    0.559840        0.239655        0.830956         3.40070    
    0.573130        0.242893        0.853233         3.44344    
    0.586439        0.246166        0.876094         3.48673    
    0.599768        0.249472        0.899519         3.53055    
    0.613118        0.252811        0.923548         3.57494    
    0.626491        0.256191        0.948220         3.61988    
    0.639884        0.259603        0.973505         3.66539    
    0.653299        0.263053        0.999467         3.71146    
    0.666739        0.266540         1.02609         3.75812    
    0.680201        0.270061         1.05345         3.80536    
    0.693688        0.273624         1.08162         3.85320    
    0.707199        0.277221         1.11017         3.90164    
    0.720735        0.280858         1.13976         3.95070    
    0.734297        0.284532         1.17006         4.00037    
    0.747887        0.288250         1.20118         4.05066    
    0.761501        0.291999         1.23293         4.10158    
    0.775146        0.295797         1.26569         4.15315    
    0.788818        0.299632         1.29933         4.20536    
    0.802517        0.303501         1.33357         4.25824    
    0.816246        0.307418         1.36890         4.31177    
    0.830008        0.311377         1.40523         4.36598    
    0.843798        0.315375         1.44243         4.42089    
    0.857620        0.319406         1.48042         4.47648    
    0.871478        0.323519         1.51976         4.53273    
    0.885367        0.327624         1.55993         4.58974    
    0.899289        0.331799         1.60115         4.64745    
    0.913257        0.336029         1.64390         4.70585    
    0.927239        0.340257         1.68690         4.76505    
    0.941272        0.344581         1.73165         4.82494    
    0.955339        0.348911         1.77740         4.88562    
    0.969451        0.353323         1.82457         4.94705    
    0.983596        0.357757         1.87288         5.00923    
    0.997772        0.362224         1.92207         5.07223    
1
    0.130359        0.195450        0.442499         2.23508    
    0.143429        0.198500        0.455223         2.26311    
    0.156514        0.201576        0.468267         2.29149    
    0.169617        0.204680        0.481655         2.32023    
    0.182737        0.207811        0.495370         2.34933    
    0.195875        0.210972        0.509438         2.37880    
    0.209030        0.214160        0.523865         2.40864    
    0.222203        0.217378        0.538667         2.43886    
    0.235395        0.220625        0.553839         2.46946    
    0.248606        0.223903        0.569405         2.50045    
    0.261836        0.227210        0.585368         2.53182    
    0.275086        0.230550        0.601737         2.56360    
    0.288357        0.233921        0.618535         2.59578    
    0.301647        0.237323        0.635753         2.62836    
    0.314959        0.240759        0.653422         2.66135    
    0.328292        0.244227        0.671532         2.69476    
    0.341647        0.247729        0.690119         2.72859    
    0.355025        0.251264        0.709189         2.76284    
    0.368426        0.254833        0.728747         2.79753    
    0.381850        0.258438        0.748807         2.83266    
    0.395297        0.262078        0.769388         2.86823    
    0.408770        0.265752        0.790501         2.90424    
    0.422267        0.269462        0.812167         2.94071    
    0.435790        0.273211        0.834393         2.97765    
    0.449339        0.276996        0.857194         3.01504    
    0.462915        0.280816        0.880567         3.05291    
    0.476519        0.284677        0.904584         3.09125    
    0.490150        0.288574        0.929191         3.13008    
    0.503810        0.292511        0.954452         3.16940    
    0.517499        0.296486        0.980365         3.20920    
    0.531219        0.300503         1.00697         3.24952    
    0.544969        0.304558         1.03429         3.29034    
    0.558750        0.308654         1.06223         3.33167    
    0.572564        0.312792         1.09096         3.37353    
    0.586413        0.316973         1.12050         3.41590    
    0.600289        0.321182         1.15072         3.45883    
    0.614203        0.325449         1.18187         3.50228    
    0.628153        0.329753         1.21373         3.54629    
    0.642137        0.334101         1.24640         3.59084    
    0.656157        0.338487         1.28001         3.63596    
    0.670219        0.342933         1.31450         3.68163    
    0.684315        0.347388         1.34981         3.72790    
    0.698457        0.351938         1.38632         3.77473    
    0.712628        0.356487         1.42333         3.82218    
    0.726849        0.361108         1.46169         3.87020    
    0.741109        0.365758         1.50096         3.91883    
    0.755415        0.370474         1.54133         3.96807    
    0.769756        0.375210         1.58256         4.01794    
    0.784152        0.380018         1.62511         4.06844    
    0.798594        0.384861         1.66882         4.11956    
    0.813071        0.389745         1.71335         4.17134    
    0.827603        0.394684         1.75930         4.22375    
    0.842189        0.399675         1.80659         4.27684    
    0.856821        0.404712         1.85508         4.33057    
    0.871498        0.409784         1.90463         4.38502    
    0.886236        0.414926         1.95580         4.44011    
    0.901029        0.420109         2.00831         4.49592    
    0.915871        0.425342         2.06212         4.55245    
    0.930789        0.430644         2.11787         4.60962    
    0.945732        0.435963         2.17431         4.66758    
    0.960744        0.441336         2.23266         4.72624    
    0.975825        0.446767         2.29260         4.78567    
    0.990972        0.452273         2.35444         4.84577    
     1.00617        0.457790         2.41766         4.90668    
     1.02142        0.463375         2.48235         4.96838    
1
    0.173925        0.250753        0.590539         2.30549    
    0.187358        0.254588        0.607478         2.33436    
    0.200817        0.258454        0.624855         2.36359    
    0.214303        0.262354        0.642679         2.39319    
    0.227816        0.266288        0.660958         2.42317    
    0.241358        0.270258        0.679708         2.45353    
    0.254927        0.274261        0.698950         2.48427    
    0.268526        0.278300        0.718689         2.51540    
    0.282154        0.282375        0.738936         2.54692    
    0.295812        0.286487        0.759708         2.57884    
    0.309501        0.290636        0.781021         2.61117    
    0.323221        0.294822        0.802864         2.64391    
    0.336973        0.299046        0.825308         2.67705    
    0.350759        0.303309        0.848326         2.71062    
    0.364577        0.307611        0.871942         2.74461    
    0.378430        0.311952        0.896187         2.77903    
    0.392318        0.316334        0.921044         2.81388    
    0.406240        0.320754        0.946567         2.84918    
    0.420200        0.325216        0.972764         2.88491    
    0.434197        0.329721        0.999662         2.92111    
    0.448232        0.334266         1.02721         2.95776    
    0.462305        0.338851         1.05554         2.99486    
    0.476419        0.343483         1.08449         3.03244    
    0.490572        0.348154         1.11435         3.07049    
    0.504768        0.352874         1.14506         3.10902    
    0.519005        0.357631         1.17645         3.14804    
    0.533285        0.362434         1.20854         3.18754    
    0.547612        0.367286         1.24182         3.22754    
    0.561980        0.372180         1.27570         3.26806    
    0.576397        0.377119         1.31057         3.30907    
    0.590864        0.382109         1.34641         3.35062    
    0.605373        0.387139         1.38318         3.39268    
    0.619935        0.392218         1.42101         3.43526    
    0.634549        0.397343         1.45978         3.47838    
    0.649209        0.402512         1.49953         3.52204    
    0.663922        0.407724         1.54040         3.56627    
    0.678695        0.412999         1.58237         3.61105    
    0.693520        0.418318         1.62548         3.65639    
    0.708406        0.423689         1.66987         3.70229    
    0.723334        0.429089         1.71506         3.74880    
    0.738336        0.434568         1.76189         3.79584    
    0.753389        0.440052         1.80979         3.84351    
    0.768515        0.445645         1.85916         3.89177    
    0.783684        0.451233         1.90952         3.94066    
    0.798934        0.456909         1.96159         3.99013    
    0.814247        0.462614         2.01504         4.04024    
    0.829612        0.468371         2.06962         4.09100    
    0.845050        0.474179         2.12590         4.14236    
    0.860573        0.480054         2.18389         4.19440    
    0.876155        0.485965         2.24336         4.24707    
    0.891802        0.491923         2.30425         4.30044    
    0.907534        0.497945         2.36710         4.35442    
    0.923344        0.504015         2.43165         4.40912    
    0.939223        0.510136         2.49790         4.46450    
    0.955212        0.516338         2.56650         4.52053    
    0.971223        0.522523         2.63601         4.57736    
    0.987345        0.528804         2.70803         4.63483    
     1.00356        0.535133         2.78201         4.69311    
     1.01987        0.541532         2.85832         4.75202    
     1.03625        0.547973         2.93668         4.81168    
     1.05269        0.554417         3.01655         4.87219    
1
    0.222608        0.308278        0.758137         2.38085    
    0.236512        0.312889        0.779867         2.41062    
    0.250453        0.317536        0.802174         2.44076    
    0.264434        0.322223        0.825059         2.47128    
    0.278455        0.326948        0.848544         2.50219    
    0.292516        0.331714        0.872638         2.53350    
    0.306619        0.336520        0.897370         2.56520    
    0.320763        0.341364        0.922737         2.59729    
    0.334951        0.346252        0.948792         2.62980    
    0.349183        0.351181        0.975528         2.66272    
    0.363459        0.356151         1.00297         2.69605    
    0.377782        0.361166         1.03127         2.72981    
    0.392151        0.366221         1.06003         2.76399    
    0.406567        0.371320         1.08970         2.79861    
    0.421033        0.376463         1.12016         2.83366    
    0.435555        0.381660         1.15194         2.86915    
    0.450114        0.386880         1.18358         2.90510    
    0.464731        0.392157         1.21655         2.94150    
    0.479400        0.397476         1.25028         2.97836    
    0.494125        0.402855         1.28511         3.01568    
    0.508908        0.408271         1.32090         3.05347    
    0.523743        0.413731         1.35754         3.09173    
    0.538632        0.419234         1.39499         3.13049    
    0.553589        0.424798         1.43382         3.16972    
    0.568597        0.430392         1.47339         3.20947    
    0.583670        0.436050         1.51414         3.24970    
    0.598809        0.441749         1.55605         3.29045    
    0.614005        0.447496         1.59906         3.33169    
    0.629272        0.453297         1.64332         3.37346    
    0.644605        0.459143         1.68870         3.41577    
    0.659999        0.465033         1.73524         3.45861    
    0.675467        0.470978         1.78319         3.50198    
    0.691008        0.476973         1.83239         3.54591    
    0.706620        0.483016         1.88296         3.59038    
    0.722312        0.489115         1.93507         3.63538    
    0.738055        0.495236         1.98815         3.68102    
    0.753898        0.501444         2.04314         3.72718    
    0.769818        0.507689         2.09958         3.77394    
    0.785816        0.513990         2.15757         3.82127    
    0.801880        0.520317         2.21693         3.86923    
    0.818050        0.526734         2.27830         3.91775    
    0.834294        0.533156         2.34125         3.96691    
    0.850614        0.539659         2.40571         4.01671    
    0.867025        0.546194         2.47213         4.06711    
    0.883549        0.552807         2.54067         4.11813    
    0.900146        0.559443         2.61096         4.16979    
    0.916830        0.566137         2.68305         4.22214    
    0.933623        0.572889         2.75747         4.27509    
    0.950519        0.579691         2.83394         4.32877    
    0.967501        0.586536         2.91250         4.38309    
    0.984631        0.593478         2.99395         4.43804    
     1.00178        0.600377         3.07655         4.49380    
     1.01907        0.607375         3.16216         4.55016    
     1.03649        0.614427         3.25026         4.60730    
     1.05402        0.621541         3.34106         4.66510    
     1.07165        0.628684         3.43444         4.72361    
     1.08936        0.635848         3.52983         4.78298    
1
    0.276772        0.367780        0.948387         2.46132    
    0.291259        0.373149        0.975603         2.49204    
    0.305799        0.378557         1.00354         2.52315    
    0.320391        0.384007         1.03223         2.55464    
    0.335039        0.389501         1.06168         2.58655    
    0.349744        0.395040         1.09195         2.61885    
    0.364504        0.400621         1.12300         2.65157    
    0.379325        0.406247         1.15505         2.68469    
    0.394199        0.411910         1.18759         2.71825    
    0.409137        0.417628         1.22122         2.75222    
    0.424136        0.423383         1.25573         2.78663    
    0.439214        0.429212         1.29172         2.82145    
    0.454324        0.435033         1.32763         2.85676    
    0.469515        0.440948         1.36507         2.89247    
    0.484767        0.446870         1.40331         2.92867    
    0.500095        0.452878         1.44287         2.96530    
    0.515494        0.458914         1.48352         3.00239    
    0.530958        0.465000         1.52514         3.03996    
    0.546486        0.471123         1.56773         3.07801    
    0.562107        0.477325         1.61191         3.11651    
    0.577786        0.483541         1.65694         3.15554    
    0.593548        0.489826         1.70336         3.19503    
    0.609392        0.496152         1.75109         3.23503    
    0.625308        0.502527         1.80012         3.27552    
    0.641311        0.508951         1.85057         3.31652    
    0.657398        0.515433         1.90235         3.35806    
    0.673559        0.521943         1.95549         3.40011    
    0.689813        0.528517         2.01025         3.44268    
    0.706157        0.535139         2.06648         3.48580    
    0.722589        0.541809         2.12431         3.52946    
    0.739123        0.548539         2.18392         3.57366    
    0.755719        0.555286         2.24475         3.61846    
    0.772436        0.562112         2.30772         3.66376    
    0.789249        0.568976         2.37242         3.70966    
    0.806156        0.575891         2.43893         3.75611    
    0.823144        0.582831         2.50708         3.80320    
    0.840266        0.589864         2.57752         3.85085    
    0.857491        0.596928         2.65001         3.89909    
    0.874784        0.604012         2.72408         3.94799    
    0.892203        0.611162         2.80054         3.99746    
    0.909762        0.618388         2.87955         4.04754    
    0.927400        0.625607         2.96050         4.09826    
    0.945156        0.632912         3.04376         4.14964    
    0.963041        0.640259         3.12967         4.20165    
    0.981051        0.647652         3.21808         4.25432    
    0.999159        0.655072         3.30890         4.30764    
     1.01746        0.662607         3.40322         4.36157    
     1.03578        0.670077         3.49894         4.41632    
     1.05427        0.677649         3.59822         4.47166    
     1.07291        0.685264         3.70047         4.52775    
     1.09170        0.692950         3.80602         4.58450    
     1.11060        0.700643         3.91458         4.64193    
     1.12958        0.708342         4.02561         4.70020    
1
    0.336768        0.428977         1.16496         2.54702    
    0.351959        0.435074         1.19854         2.57876    
    0.367216        0.441209         1.23301         2.61089    
    0.382551        0.447397         1.26859         2.64342    
    0.397944        0.453612         1.30476         2.67638    
    0.413417        0.459890         1.34214         2.70975    
    0.428964        0.466201         1.38049         2.74355    
    0.444613        0.472591         1.42051         2.77773    
    0.460288        0.478961         1.46048         2.81243    
    0.476069        0.485436         1.50216         2.84750    
    0.491920        0.491908         1.54475         2.88307    
    0.507867        0.498479         1.58884         2.91904    
    0.523895        0.505062         1.63412         2.95548    
    0.540007        0.511720         1.68058         2.99238    
    0.556187        0.518378         1.72806         3.02977    
    0.572487        0.525142         1.77736         3.06760    
    0.588850        0.531902         1.82766         3.10592    
    0.605317        0.538739         1.87954         3.14472    
    0.621880        0.545614         1.93287         3.18402    
    0.638535        0.552547         1.98774         3.22379    
    0.655289        0.559515         2.04418         3.26407    
    0.672143        0.566539         2.10217         3.30487    
    0.689085        0.573593         2.16171         3.34619    
    0.706141        0.580708         2.22310         3.38800    
    0.723299        0.587862         2.28615         3.43037    
    0.740567        0.595077         2.35108         3.47326    
    0.757953        0.602334         2.41800         3.51667    
    0.775411        0.609608         2.48637         3.56068    
    0.793016        0.616964         2.55718         3.60519    
    0.810737        0.624356         2.63000         3.65028    
    0.828568        0.631797         2.70490         3.69593    
    0.846493        0.639254         2.78172         3.74217    
    0.864572        0.646792         2.86112         3.78898    
    0.882776        0.654363         2.94292         3.83637    
    0.901055        0.661941         3.02655         3.88439    
    0.919487        0.669586         3.11296         3.93300    
    0.938085        0.677308         3.20228         3.98221    
    0.956790        0.685043         3.29405         4.03203    
    0.975603        0.692803         3.38824         4.08252    
    0.994588        0.700636         3.48570         4.13358    
     1.01372        0.708505         3.58604         4.18533    
     1.03295        0.716370         3.68909         4.23771    
     1.05242        0.724384         3.79636         4.29067    
     1.07191        0.732305         3.90530         4.34448    
     1.09159        0.740315         4.01833         4.39881    
     1.11145        0.748359         4.13484         4.45392    
     1.13148        0.756478         4.25530         4.50962    
     1.15165        0.764594         4.37927         4.56604    
     1.17191        0.772709         4.50627         4.62331    
1
    0.402939        0.491547         1.41236         2.63811    
    0.418952        0.498332         1.45331         2.67091    
    0.435051        0.505144         1.49534         2.70413    
    0.451275        0.512046         1.53918         2.73772    
    0.467521        0.518911         1.58304         2.77183    
    0.483894        0.525887         1.62878         2.80630    
    0.500348        0.532858         1.67554         2.84127    
    0.516916        0.539921         1.72395         2.87661    
    0.533579        0.547000         1.77368         2.91244    
    0.550341        0.554155         1.82477         2.94870    
    0.567175        0.561296         1.87697         2.98547    
    0.584159        0.568557         1.93124         3.02264    
    0.601207        0.575792         1.98656         3.06033    
    0.618385        0.583130         2.04376         3.09846    
    0.635664        0.590469         2.10248         3.13710    
    0.653060        0.597891         2.16299         3.17620    
    0.670563        0.605326         2.22524         3.21579    
    0.688185        0.612824         2.28925         3.25589    
    0.705908        0.620345         2.35501         3.29651    
    0.723767        0.627935         2.42287         3.33761    
    0.741738        0.635547         2.49258         3.37927    
    0.759838        0.643217         2.56443         3.42142    
    0.778074        0.650930         2.63851         3.46409    
    0.796392        0.658650         2.71428         3.50735    
    0.814878        0.666446         2.79275         3.55111    
    0.833504        0.674288         2.87357         3.59544    
    0.852247        0.682154         2.95667         3.64031    
    0.871102        0.690041         3.04203         3.68576    
    0.890134        0.698006         3.13030         3.73179    
    0.909310        0.705997         3.22131         3.77835    
    0.928573        0.713993         3.31446         3.82558    
    0.948008        0.722045         3.41076         3.87334    
    0.967627        0.730159         3.51031         3.92171    
    0.987373        0.738286         3.61275         3.97067    
     1.00723        0.746421         3.71792         4.02028    
     1.02730        0.754629         3.82681         4.07049    
     1.04752        0.762873         3.93908         4.12137    
     1.06788        0.771128         4.05463         4.17286    
     1.08849        0.779476         4.17469         4.22492    
     1.10912        0.787746         4.29697         4.27776    
     1.12999        0.796103         4.42392         4.33118    
     1.15102        0.804457         4.55474         4.38534    
     1.17228        0.812913         4.69032         4.44009    
     1.19368        0.821347         4.82994         4.49556    
     1.21518        0.829755         4.97311         4.55179    
1
    0.475611        0.555137         1.69606         2.73470    
    0.492572        0.562566         1.74567         2.76862    
    0.509624        0.569980         1.79642         2.80300    
    0.526808        0.577492         1.84898         2.83777    
    0.544099        0.585013         1.90299         2.87300    
    0.561504        0.592610         1.95852         2.90867    
    0.578989        0.600185         2.01528         2.94483    
    0.596645        0.607875         2.07431         2.98138    
    0.614374        0.615539         2.13451         3.01846    
    0.632253        0.623307         2.19681         3.05596    
    0.650240        0.631062         2.26076         3.09397    
    0.668367        0.638908         2.32675         3.13243    
    0.686608        0.646747         2.39461         3.17136    
    0.704995        0.654673         2.46452         3.21082    
    0.723481        0.662581         2.53626         3.25077    
    0.742134        0.670582         2.61046         3.29120    
    0.760902        0.678580         2.68663         3.33217    
    0.779821        0.686642         2.76525         3.37362    
    0.798894        0.694742         2.84634         3.41560    
    0.818061        0.702850         2.92937         3.45816    
    0.837410        0.711017         3.01536         3.50119    
    0.856919        0.719225         3.10400         3.54479    
    0.876560        0.727456         3.19523         3.58892    
    0.896324        0.735695         3.28897         3.63362    
    0.916287        0.744006         3.38598         3.67889    
    0.936417        0.752351         3.48612         3.72469    
    0.956634        0.760673         3.58863         3.77115    
    0.977046        0.769053         3.69473         3.81812    
    0.997668        0.777493         3.80449         3.86571    
     1.01843        0.785933         3.91756         3.91382    
     1.03932        0.794381         4.03372         3.96265    
     1.06044        0.802890         4.15410         4.01200    
     1.08172        0.811414         4.27824         4.06203    
     1.10316        0.819947         4.40614         4.11268    
     1.12488        0.828559         4.53912         4.16383    
     1.14661        0.837088         4.67469         4.21587    
     1.16862        0.845704         4.81566         4.26835    
     1.19082        0.854328         4.96122         4.32162    
     1.21324        0.862994         5.11180         4.37548    
     1.23584        0.871659         5.26731         4.42996    
     1.25854        0.880287         5.42692         4.48527    
1
    0.555087        0.619381         2.02269         2.83691    
    0.573123        0.627376         2.08248         2.87202    
    0.591245        0.635336         2.14363         2.90761    
    0.609560        0.643415         2.20724         2.94358    
    0.627954        0.651457         2.27217         2.98007    
    0.646517        0.659604         2.33939         3.01697    
    0.665201        0.667732         2.40842         3.05438    
    0.684036        0.675937         2.47968         3.09221    
    0.703002        0.684140         2.55299         3.13055    
    0.722131        0.692427         2.62861         3.16936    
    0.741364        0.700681         2.70620         3.20869    
    0.760789        0.709033         2.78653         3.24848    
    0.780332        0.717361         2.86901         3.28879    
    0.800061        0.725779         2.95430         3.32960    
    0.819935        0.734187         3.04216         3.37090    
    0.839930        0.742627         3.13231         3.41280    
    0.860115        0.751099         3.22563         3.45514    
    0.880482        0.759618         3.32198         3.49801    
    0.900995        0.768152         3.42117         3.54146    
    0.921649        0.776698         3.52322         3.58548    
    0.942512        0.785292         3.62885         3.63000    
    0.963561        0.793915         3.73796         3.67507    
    0.984705        0.802511         3.84977         3.72079    
     1.00606        0.811153         3.96555         3.76700    
     1.02765        0.819847         4.08540         3.81383    
     1.04940        0.828547         4.20906         3.86116    
     1.07127        0.837227         4.33610         3.90921    
     1.09340        0.845968         4.46787         3.95778    
     1.11572        0.854721         4.60394         4.00701    
     1.13819        0.863464         4.74421         4.05680    
     1.16098        0.872294         4.89021         4.10718    
     1.18378        0.881017         5.03922         4.15832    
     1.20687        0.889808         5.19412         4.20995    
     1.23018        0.898609         5.35433         4.26235    
     1.25371        0.907426         5.52007         4.31531    
     1.27745        0.916253         5.69156         4.36897    
     1.30130        0.925028         5.86778         4.42333    
1
    0.641624        0.683846         2.40007         2.94491    
    0.660854        0.692333         2.47204         2.98125    
    0.680208        0.700786         2.54596         3.01808    
    0.699737        0.709320         2.62234         3.05534    
    0.719400        0.717838         2.70094         3.09307    
    0.739248        0.726441         2.78208         3.13130    
    0.759208        0.735002         2.86539         3.17002    
    0.779372        0.743646         2.95162         3.20919    
    0.799671        0.752272         3.04027         3.24890    
    0.820172        0.760980         3.13201         3.28906    
    0.840828        0.769667         3.22651         3.32974    
    0.861621        0.778384         3.32363         3.37099    
    0.882609        0.787114         3.42411         3.41267    
    0.903819        0.795916         3.52808         3.45491    
    0.925156        0.804681         3.63499         3.49767    
    0.946667        0.813483         3.74522         3.54100    
    0.968392        0.822306         3.85929         3.58484    
    0.990326        0.831160         3.97726         3.62919    
     1.01236        0.839979         4.09824         3.67422    
     1.03463        0.848847         4.22365         3.71973    
     1.05714        0.857742         4.35349         3.76583    
     1.07983        0.866638         4.48756         3.81241    
     1.10266        0.875508         4.62546         3.85971    
     1.12575        0.884423         4.76854         3.90750    
     1.14905        0.893341         4.91640         3.95596    
     1.17253        0.902258         5.06910         4.00497    
     1.19633        0.911231         5.22798         4.05453    
     1.22015        0.920101         5.39039         4.10488    
     1.24428        0.929029         5.55937         4.15569    
     1.26864        0.937944         5.73421         4.20722    
     1.29325        0.946892         5.91543         4.25940    
     1.31808        0.955817         6.10302         4.31206    
     1.34300        0.964669         6.29576         4.36552    
1
    0.735531        0.748154         2.83888         3.05873    
    0.756072        0.757038         2.92537         3.09639    
    0.776727        0.765866         3.01419         3.13454    
    0.797609        0.774778         3.10620         3.17313    
    0.818629        0.783656         3.20083         3.21224    
    0.839873        0.792617         3.29883         3.25179    
    0.861283        0.801548         3.39983         3.29188    
    0.882831        0.810492         3.50367         3.33250    
    0.904598        0.819453         3.61118         3.37359    
    0.926604        0.828479         3.72256         3.41516    
    0.948742        0.837456         3.83709         3.45729    
    0.971073        0.846467         3.95533         3.49998    
    0.993618        0.855477         4.07764         3.54314    
     1.01642        0.864545         4.20445         3.58685    
     1.03929        0.873524         4.33434         3.63118    
     1.06243        0.882572         4.46920         3.67601    
     1.08582        0.891626         4.60889         3.72141    
     1.10940        0.900676         4.75325         3.76726    
     1.13314        0.909696         4.90188         3.81387    
     1.15716        0.918764         5.05629         3.86095    
     1.18139        0.927805         5.21586         3.90862    
     1.20582        0.936838         5.38079         3.95686    
     1.23059        0.945925         5.55255         4.00566    
     1.25537        0.954889         5.72824         4.05520    
     1.28048        0.963905         5.91119         4.10523    
     1.30586        0.972916         6.10083         4.15596    
     1.33147        0.981923         6.29731         4.20725    
     1.35734        0.990915         6.50100         4.25907    
     1.38330        0.999828         6.71059         4.31166    
1
    0.836983        0.811831         3.35100         3.17860    
    0.858940        0.821017         3.45509         3.21759    
    0.881066        0.830158         3.56238         3.25710    
    0.903346        0.839310         3.67281         3.29713    
    0.925851        0.848464         3.78717         3.33761    
    0.948618        0.857683         3.90573         3.37859    
    0.971521        0.866843         4.02772         3.42012    
    0.994623        0.876019         4.15371         3.46216    
     1.01796        0.885200         4.28418         3.50472    
     1.04157        0.894427         4.41955         3.54775    
     1.06525        0.903552         4.55825         3.59144    
     1.08922        0.912747         4.70242         3.63561    
     1.11344        0.921921         4.85172         3.68033    
     1.13790        0.931120         5.00640         3.72554    
     1.16248        0.940234         5.16546         3.77139    
     1.18738        0.949416         5.33100         3.81777    
     1.21249        0.958548         5.50210         3.86475    
     1.23781        0.967667         5.67916         3.91220    
     1.26351        0.976836         5.86368         3.96030    
     1.28922        0.985887         6.05276         4.00910    
     1.31526        0.994957         6.24961         4.05826    
     1.34157         1.00401         6.45378         4.10815    
     1.36816         1.01306         6.66559         4.15864    
     1.39498         1.02208         6.88523         4.20961    
     1.42192         1.03102         7.11158         4.26129    
1
    0.946192        0.874461         3.95226         3.30455    
    0.969686        0.883852         4.07782         3.34499    
    0.993314        0.893166         4.20704         3.38593    
     1.01716        0.902495         4.34065         3.42737    
     1.04124        0.911812         4.47902         3.46931    
     1.06562        0.921176         4.62275         3.51172    
     1.09007        0.930428         4.77010         3.55480    
     1.11482        0.939727         4.92327         3.59830    
     1.13984        0.949018         5.08213         3.64241    
     1.16511        0.958315         5.24679         3.68692    
     1.19050        0.967519         5.41615         3.73215    
     1.21624        0.976789         5.59270         3.77780    
     1.24218        0.985983         5.77509         3.82409    
     1.26838        0.995192         5.96436         3.87085    
     1.29491         1.00439         6.16126         3.91814    
     1.32150         1.01350         6.36346         3.96622    
     1.34842         1.02260         6.57406         4.01457    
     1.37562         1.03168         6.79267         4.06362    
     1.40312         1.04075         7.01969         4.11337    
     1.43088         1.04980         7.25551         4.16346    
     1.45872         1.05872         7.49834         4.21418    
1
     1.06333        0.935619         4.66226         3.43673    
     1.08845        0.945107         4.81415         3.47859    
     1.11362        0.954462         4.96988         3.52106    
     1.13912        0.963866         5.13195         3.56395    
     1.16489        0.973238         5.30006         3.60738    
     1.19093        0.982622         5.47449         3.65128    
     1.21709        0.991899         5.65400         3.69585    
     1.24360         1.00122         5.84115         3.74081    
     1.27034         1.01048         6.03479         3.78646    
     1.29735         1.01973         6.23585         3.83244    
     1.32470         1.02897         6.44508         3.87908    
     1.35211         1.03811         6.66024         3.92638    
     1.37985         1.04723         6.88429         3.97395    
     1.40793         1.05634         7.11751         4.02223    
     1.43624         1.06539         7.35922         4.07100    
     1.46488         1.07444         7.61093         4.12023    
     1.49358         1.08334         7.87010         4.17007    
1
     1.18850        0.994875         5.50544         3.57510    
     1.21528         1.00434         5.68947         3.61840    
     1.24215         1.01367         5.87882         3.66235    
     1.26942         1.02305         6.07650         3.70663    
     1.29690         1.03235         6.28099         3.75159    
     1.32468         1.04164         6.49362         3.79695    
     1.35279         1.05090         6.71497         3.84276    
     1.38096         1.06005         6.94259         3.88931    
     1.40950         1.06918         7.18009         3.93616    
     1.43837         1.07829         7.42729         3.98354    
     1.46749         1.08735         7.68381         4.03163    
     1.49695         1.09638         7.95119         4.07976    
     1.52644         1.10524         8.22633         4.12871    
1
     1.32179         1.05185         6.51345         3.71933    
     1.35031         1.06119         6.73745         3.76403    
     1.37914         1.07046         6.97054         3.80913    
     1.40805         1.07963         7.21062         3.85495    
     1.43731         1.08875         7.46103         3.90090    
     1.46695         1.09787         7.72207         3.94756    
     1.49681         1.10689         7.99289         3.99463    
     1.52703         1.11589         8.27545         4.04177    
     1.55730         1.12474         8.56670         4.08978    
1
     1.46328         1.10619         7.72666         3.86809    
     1.49365         1.11531         8.00141         3.91385    
     1.52421         1.12431         8.28621         3.96007    
     1.55516         1.13329         8.58379         4.00624    
     1.58613         1.14209         8.89042         4.05303    
1
     1.61295         1.15752         9.19684         4.01833    
 M = 1 IFAIL = 0
 
TOMS392_PRB
  Normal end of execution.
 
20060111  062810.000
