           1
 AXISYMMETRIC SENSITIVITY OF A HOLLOW SPHERE
           2           0
   30000000.0000000       0.300000000000000       0.000000000000000E+000
         121          60
           1
         121          60
           1
           1  0.000000000000000E+000   4.00000000000000     
           2  0.157039263211236        3.99691614495602     
           3  0.313836383081461        3.98766933491913     
           4  0.470149589996316        3.97227382780018     
           5  0.625737860320561        3.95075336235527     
           6  0.780361288218631        3.92314112158227     
           7  0.933781455572052        3.88947968155507     
           8   1.08576179960289        3.84982094577437     
           9   1.23606797763643        3.80422606513622     
          10   1.38446822844055        3.75276534364176     
          11   1.53073372958480        3.69551812999360     
          12   1.67463895026795        3.63257269524582     
          13   1.81596199907019        3.56402609669640     
          14   1.95448496609358        3.48998402823196     
          15   2.08999425896332        3.41056065735538     
          16   2.22228093217173        3.32587844914782     
          17   2.35114100925706        3.23606797743646     
          18   2.47637579732043        3.14126772345905     
          19   2.59779219339584        3.04162386233598     
          20   2.71520298220100        2.93729003767874     
          21   2.82842712480968        2.82842712468270     
          22   2.93729003780064        2.71520298206913     
          23   3.04162386245261        2.59779219325928     
          24   3.14126772357023        2.47637579717940     
          25   3.23606797754201        2.35114100911178     
          26   3.32587844924759        2.22228093202242     
          27   3.41056065744921        2.08999425881020     
          28   3.48998402831971        1.95448496593690     
          29   3.56402609677793        1.81596199891019     
          30   3.63257269532100        1.67463895010486     
          31   3.69551813006233        1.53073372941888     
          32   3.75276534370392        1.38446822827207     
          33   3.80422606519171        1.23606797746563     
          34   3.84982094582312        1.08576179943005     
          35   3.88947968159699       0.933781455397431     
          36   3.92314112161730       0.780361288042499     
          37   3.95075336238336       0.625737860143189     
          38   3.97227382782129       0.470149589817978     
          39   3.98766933493322       0.313836382902431     
          40   3.99691614496307       0.157039263031791     
          41   4.00000000000000       0.000000000000000E+000
          42   4.40000000000000       0.000000000000000E+000
          43   4.80000000000000       0.000000000000000E+000
          44   5.20000000000000       0.000000000000000E+000
          45   5.60000000000000       0.000000000000000E+000
          46   6.00000000000000       0.000000000000000E+000
          47   6.40000000000000       0.000000000000000E+000
          48   6.80000000000000       0.000000000000000E+000
          49   7.20000000000000       0.000000000000000E+000
          50   7.60000000000000       0.000000000000000E+000
          51   8.00000000000000       0.000000000000000E+000
          52   8.40000000000000       0.000000000000000E+000
          53   8.80000000000000       0.000000000000000E+000
          54   9.20000000000000       0.000000000000000E+000
          55   9.60000000000000       0.000000000000000E+000
          56   10.0000000000000       0.000000000000000E+000
          57   10.4000000000000       0.000000000000000E+000
          58   10.8000000000000       0.000000000000000E+000
          59   11.2000000000000       0.000000000000000E+000
          60   11.6000000000000       0.000000000000000E+000
          61   12.0000000000000       0.000000000000000E+000
          62   12.4000000000000       0.000000000000000E+000
          63   12.8000000000000       0.000000000000000E+000
          64   13.2000000000000       0.000000000000000E+000
          65   13.6000000000000       0.000000000000000E+000
          66   14.0000000000000       0.000000000000000E+000
          67   14.4000000000000       0.000000000000000E+000
          68   14.8000000000000       0.000000000000000E+000
          69   15.2000000000000       0.000000000000000E+000
          70   15.6000000000000       0.000000000000000E+000
          71   16.0000000000000       0.000000000000000E+000
          72   16.4000000000000       0.000000000000000E+000
          73   16.8000000000000       0.000000000000000E+000
          74   17.2000000000000       0.000000000000000E+000
          75   17.6000000000000       0.000000000000000E+000
          76   18.0000000000000       0.000000000000000E+000
          77   18.4000000000000       0.000000000000000E+000
          78   18.8000000000000       0.000000000000000E+000
          79   19.2000000000000       0.000000000000000E+000
          80   19.6000000000000       0.000000000000000E+000
          81   20.0000000000000       0.000000000000000E+000
          82   19.9845807248153       0.785196315158941     
          83   19.9383466746661        1.56918191451214     
          84   19.8613691391064        2.35074794908987     
          85   19.7537668119168        3.12868930071593     
          86   19.6157056080865        3.90180644021248     
          87   19.4473984079850        4.66890727698714     
          88   19.2491047291156        5.42880899715025     
          89   19.0211303259586        6.18033988732815     
          90   18.7638267185196        6.92234114136031     
          91   18.4775906503116        7.65366864709440     
          92   18.1628634766050        8.37319475052431     
          93   17.8201304838897        9.07980999455092     
          94   17.4499201415985        9.77242482968448     
          95   17.0528032872461        10.4499712940510     
          96   16.6293922462380        11.1114046601121     
          97   16.1803398877101        11.7557050455589     
          98   15.7063386178512        12.3818789858970     
          99   15.2081193122630        12.9889609662964     
         100   14.6864501890032        13.5760149103456     
         101   14.1421356240484        14.1421356234135     
         102   13.5760149110050        14.6864501883937     
         103   12.9889609669792        15.2081193116799     
         104   12.3818789866022        15.7063386172953     
         105   11.7557050462853        16.1803398871823     
         106   11.1114046608587        16.6293922457391     
         107   10.4499712948166        17.0528032867769     
         108   9.77242483046793        17.4499201411598     
         109   9.07980999535099        17.8201304834820     
         110   8.37319475133977        18.1628634762291     
         111   7.65366864792399        18.4775906499680     
         112   6.92234114220275        18.7638267182088     
         113   6.18033988818214        19.0211303256811     
         114   5.42880899801448        19.2491047288719     
         115   4.66890727786027        19.4473984077754     
         116   3.90180644109317        19.6157056079113     
         117   3.12868930160282        19.7537668117763     
         118   2.35074794998159        19.8613691390009     
         119   1.56918191540732        19.9383466745956     
         120  0.785196316056194        19.9845807247801     
         121  0.0000000E+00   20.0000000000000     
         121
           1           1           1  0.000000000000000E+000           1
  0.000000000000000E+000
          21           1           1  0.000000000000000E+000           2
  0.000000000000000E+000
          21           2           1  0.000000000000000E+000           2
  0.000000000000000E+000
          21           3           1  0.000000000000000E+000           2
  0.000000000000000E+000
          22           1           1  0.000000000000000E+000           2
  0.000000000000000E+000
          22           2           1  0.000000000000000E+000           2
  0.000000000000000E+000
          22           3           1  0.000000000000000E+000           2
  0.000000000000000E+000
          23           1           1  0.000000000000000E+000           2
  0.000000000000000E+000
          23           2           1  0.000000000000000E+000           2
  0.000000000000000E+000
          23           3           1  0.000000000000000E+000           2
  0.000000000000000E+000
          24           1           1  0.000000000000000E+000           2
  0.000000000000000E+000
          24           2           1  0.000000000000000E+000           2
  0.000000000000000E+000
          24           3           1  0.000000000000000E+000           2
  0.000000000000000E+000
          25           1           1  0.000000000000000E+000           2
  0.000000000000000E+000
          25           2           1  0.000000000000000E+000           2
  0.000000000000000E+000
          25           3           1  0.000000000000000E+000           2
  0.000000000000000E+000
          26           1           1  0.000000000000000E+000           2
  0.000000000000000E+000
          26           2           1  0.000000000000000E+000           2
  0.000000000000000E+000
          26           3           1  0.000000000000000E+000           2
  0.000000000000000E+000
          27           1           1  0.000000000000000E+000           2
  0.000000000000000E+000
          27           2           1  0.000000000000000E+000           2
  0.000000000000000E+000
          27           3           1  0.000000000000000E+000           2
  0.000000000000000E+000
          28           1           1  0.000000000000000E+000           2
  0.000000000000000E+000
          28           2           1  0.000000000000000E+000           2
  0.000000000000000E+000
          28           3           1  0.000000000000000E+000           2
  0.000000000000000E+000
          29           1           1  0.000000000000000E+000           2
  0.000000000000000E+000
          29           2           1  0.000000000000000E+000           2
  0.000000000000000E+000
          29           3           1  0.000000000000000E+000           2
  0.000000000000000E+000
          30           1           1  0.000000000000000E+000           2
  0.000000000000000E+000
          30           2           1  0.000000000000000E+000           2
  0.000000000000000E+000
          30           3           1  0.000000000000000E+000           2
  0.000000000000000E+000
          31           1           1  0.000000000000000E+000           2
  0.000000000000000E+000
          31           2           1  0.000000000000000E+000           2
  0.000000000000000E+000
          31           3           1  0.000000000000000E+000           2
  0.000000000000000E+000
          32           1           1  0.000000000000000E+000           2
  0.000000000000000E+000
          32           2           1  0.000000000000000E+000           2
  0.000000000000000E+000
          32           3           1  0.000000000000000E+000           2
  0.000000000000000E+000
          33           1           1  0.000000000000000E+000           2
  0.000000000000000E+000
          33           2           1  0.000000000000000E+000           2
  0.000000000000000E+000
          33           3           1  0.000000000000000E+000           2
  0.000000000000000E+000
          34           1           1  0.000000000000000E+000           2
  0.000000000000000E+000
          34           2           1  0.000000000000000E+000           2
  0.000000000000000E+000
          34           3           1  0.000000000000000E+000           2
  0.000000000000000E+000
          35           1           1  0.000000000000000E+000           2
  0.000000000000000E+000
          35           2           1  0.000000000000000E+000           2
  0.000000000000000E+000
          35           3           1  0.000000000000000E+000           2
  0.000000000000000E+000
          36           1           1  0.000000000000000E+000           2
  0.000000000000000E+000
          36           2           1  0.000000000000000E+000           2
  0.000000000000000E+000
          36           3           1  0.000000000000000E+000           2
  0.000000000000000E+000
          37           1           1  0.000000000000000E+000           2
  0.000000000000000E+000
          37           2           1  0.000000000000000E+000           2
  0.000000000000000E+000
          37           3           1  0.000000000000000E+000           2
  0.000000000000000E+000
          38           1           1  0.000000000000000E+000           2
  0.000000000000000E+000
          38           2           1  0.000000000000000E+000           2
  0.000000000000000E+000
          38           3           1  0.000000000000000E+000           2
  0.000000000000000E+000
          39           1           1  0.000000000000000E+000           2
  0.000000000000000E+000
          39           2           1  0.000000000000000E+000           2
  0.000000000000000E+000
          39           3           1  0.000000000000000E+000           2
  0.000000000000000E+000
          40           1           1  0.000000000000000E+000           2
  0.000000000000000E+000
          40           2           1  0.000000000000000E+000           2
  0.000000000000000E+000
          40           3           1  0.000000000000000E+000           2
  0.000000000000000E+000
          41           1           1   1000.00000000000                1
  0.000000000000000E+000
          41           2           1   999.229036240767                1
   39.2598157579471     
          41           3           1   996.917333733304                1
   78.4590957256070     
          42           1           1   996.917333733304                1
   78.4590957256070     
          42           2           1   993.068456955322                1
   117.537397454494     
          42           3           1   987.688340595840                1
   156.434465035796     
          43           1           1   987.688340595840                1
   156.434465035796     
          43           2           1   980.785280404325                1
   195.090322010624     
          43           3           1   972.369920399249                1
   233.445363849357     
          44           1           1   972.369920399249                1
   233.445363849357     
          44           2           1   962.455236455780                1
   271.440449857512     
          44           3           1   951.056516297928                1
   309.016994366408     
          45           1           1   951.056516297928                1
   309.016994366408     
          45           2           1   938.191335925981                1
   346.117057068016     
          45           3           1   923.879532515582                1
   382.683432354720     
          46           1           1   923.879532515582                1
   382.683432354720     
          46           2           1   908.143173830250                1
   418.659737526216     
          46           3           1   891.006524194483                1
   453.990499727546     
          47           1           1   891.006524194483                1
   453.990499727546     
          47           2           1   872.496007079927                1
   488.621241484224     
          47           3           1   852.640164362303                1
   522.498564702551     
          48           1           1   852.640164362303                1
   522.498564702551     
          48           2           1   831.469612311899                1
   555.570233005603     
          48           3           1   809.016994385503                1
   587.785252277944     
          49           1           1   809.016994385503                1
   587.785252277944     
          49           2           1   785.316930892558                1
   619.093949294849     
          49           3           1   760.405965613152                1
   649.448048314821     
          50           1           1   760.405965613152                1
   649.448048314821     
          50           2           1   734.322509450162                1
   678.800745517281     
          50           3           1   707.106781202421                1
   707.106781170674     
          51           1           1   707.106781202421                1
   707.106781170674     
          51           2           1   678.800745550250                1
   734.322509419686     
          51           3           1   649.448048348961                1
   760.405965583994     
          52           1           1   649.448048348961                1
   760.405965583994     
          52           2           1   619.093949330108                1
   785.316930864763     
          52           3           1   587.785252314267                1
   809.016994359114     
          53           1           1   587.785252314267                1
   809.016994359114     
          53           2           1   555.570233042934                1
   831.469612286956     
          53           3           1   522.498564740832                1
   852.640164338844     
          54           1           1   522.498564740832                1
   852.640164338844     
          54           2           1   488.621241523396                1
   872.496007057989     
          54           3           1   453.990499767549                1
   891.006524174100     
          55           1           1   453.990499767549                1
   891.006524174100     
          55           2           1   418.659737566989                1
   908.143173811454     
          55           3           1   382.683432396199                1
   923.879532498401     
          56           1           1   382.683432396199                1
   923.879532498401     
          56           2           1   346.117057110138                1
   938.191335910441     
          56           3           1   309.016994409107                1
   951.056516284054     
          57           1           1   309.016994409107                1
   951.056516284054     
          57           2           1   271.440449900724                1
   962.455236443593     
          57           3           1   233.445363893014                1
   972.369920388768     
          58           1           1   233.445363893014                1
   972.369920388768     
          58           2           1   195.090322054658                1
   980.785280395566     
          58           3           1   156.434465080141                1
   987.688340588817     
          59           1           1   156.434465080141                1
   987.688340588817     
          59           2           1   117.537397499080                1
   993.068456950045     
          59           3           1   78.4590957703658                1
   996.917333729781     
          60           1           1   78.4590957703658                1
   996.917333729781     
          60           2           1   39.2598158028097                1
   999.229036239004     
          60           3           1  0.000000000000000E+000           1
   1000.00000000000     
           0
           2
           1           3
           2           1
  1.000000000000000E-003
           1  0.000000000000000E+000   4.00100000000000     
           2  0.157078523027039        3.99791537399226     
           3  0.313914842177231        3.98866625225286     
           4  0.470267127393815        3.97326689625713     
           5  0.625894294785641        3.95174105069586     
           6  0.780556378540686        3.92412190686266     
           7  0.934014900935945        3.89045205147546     
           8   1.08603324005279        3.85078340101082     
           9   1.23637699463084        3.80517712165250     
          10   1.38481434549766        3.75370353497768     
          11   1.53111641301719        3.69644200952610     
          12   1.67505761000552        3.63348083841963     
          13   1.81641598956996        3.56491710322058     
          14   1.95497358733511        3.49085652423902     
          15   2.09051675752807        3.41141329751972     
          16   2.22283650240478        3.32670991876011     
          17   2.35172879450938        3.23687699443082     
          18   2.47699489126976        3.14205304038992     
          19   2.59844164144419        3.04238426830156     
          20   2.71588178294655        2.93802436018816     
          21   2.82913423159088        2.82913423146387     
          22   2.93802436031010        2.71588178281465     
          23   3.04238426841822        2.59844164130760     
          24   3.14205304050112        2.47699489112869     
          25   3.23687699453640        2.35172879436406     
          26   3.32670991885991        2.22283650225542     
          27   3.41141329761357        2.09051675737491     
          28   3.49085652432679        1.95497358717838     
          29   3.56491710330212        1.81641598940991     
          30   3.63348083849483        1.67505760984239     
          31   3.69644200959484        1.53111641285124     
          32   3.75370353503985        1.38481434532913     
          33   3.80517712170801        1.23637699446000     
          34   3.85078340105958        1.08603323987991     
          35   3.89045205151739       0.934014900761280     
          36   3.92412190689771       0.780556378364510     
          37   3.95174105072396       0.625894294608225     
          38   3.97326689627824       0.470267127215432     
          39   3.98866625226695       0.313914841998157     
          40   3.99791537399931       0.157078522847549     
          41   4.00100000000000       0.000000000000000E+000
          42   4.40097500000000       0.000000000000000E+000
          43   4.80095000000000       0.000000000000000E+000
          44   5.20092500000000       0.000000000000000E+000
          45   5.60090000000000       0.000000000000000E+000
          46   6.00087500000000       0.000000000000000E+000
          47   6.40085000000000       0.000000000000000E+000
          48   6.80082500000000       0.000000000000000E+000
          49   7.20080000000000       0.000000000000000E+000
          50   7.60077500000000       0.000000000000000E+000
          51   8.00075000000000       0.000000000000000E+000
          52   8.40072500000000       0.000000000000000E+000
          53   8.80070000000000       0.000000000000000E+000
          54   9.20067500000000       0.000000000000000E+000
          55   9.60064999999999       0.000000000000000E+000
          56   10.0006250000000       0.000000000000000E+000
          57   10.4006000000000       0.000000000000000E+000
          58   10.8005750000000       0.000000000000000E+000
          59   11.2005500000000       0.000000000000000E+000
          60   11.6005250000000       0.000000000000000E+000
          61   12.0005000000000       0.000000000000000E+000
          62   12.4004750000000       0.000000000000000E+000
          63   12.8004500000000       0.000000000000000E+000
          64   13.2004250000000       0.000000000000000E+000
          65   13.6004000000000       0.000000000000000E+000
          66   14.0003750000000       0.000000000000000E+000
          67   14.4003500000000       0.000000000000000E+000
          68   14.8003250000000       0.000000000000000E+000
          69   15.2003000000000       0.000000000000000E+000
          70   15.6002750000000       0.000000000000000E+000
          71   16.0002500000000       0.000000000000000E+000
          72   16.4002250000000       0.000000000000000E+000
          73   16.8002000000000       0.000000000000000E+000
          74   17.2001750000000       0.000000000000000E+000
          75   17.6001500000000       0.000000000000000E+000
          76   18.0001250000000       0.000000000000000E+000
          77   18.4001000000000       0.000000000000000E+000
          78   18.8000750000000       0.000000000000000E+000
          79   19.2000500000000       0.000000000000000E+000
          80   19.6000250000000       0.000000000000000E+000
          81   20.0000000000000       0.000000000000000E+000
          82   19.9845807248153       0.785196315158941     
          83   19.9383466746661        1.56918191451214     
          84   19.8613691391064        2.35074794908987     
          85   19.7537668119168        3.12868930071593     
          86   19.6157056080865        3.90180644021248     
          87   19.4473984079850        4.66890727698714     
          88   19.2491047291156        5.42880899715025     
          89   19.0211303259586        6.18033988732815     
          90   18.7638267185196        6.92234114136031     
          91   18.4775906503116        7.65366864709440     
          92   18.1628634766050        8.37319475052431     
          93   17.8201304838897        9.07980999455092     
          94   17.4499201415985        9.77242482968448     
          95   17.0528032872461        10.4499712940510     
          96   16.6293922462380        11.1114046601121     
          97   16.1803398877101        11.7557050455589     
          98   15.7063386178512        12.3818789858970     
          99   15.2081193122630        12.9889609662964     
         100   14.6864501890032        13.5760149103456     
         101   14.1421356240484        14.1421356234135     
         102   13.5760149110050        14.6864501883937     
         103   12.9889609669792        15.2081193116799     
         104   12.3818789866022        15.7063386172953     
         105   11.7557050462853        16.1803398871823     
         106   11.1114046608587        16.6293922457391     
         107   10.4499712948166        17.0528032867769     
         108   9.77242483046793        17.4499201411598     
         109   9.07980999535099        17.8201304834820     
         110   8.37319475133977        18.1628634762291     
         111   7.65366864792399        18.4775906499680     
         112   6.92234114220275        18.7638267182088     
         113   6.18033988818214        19.0211303256811     
         114   5.42880899801448        19.2491047288719     
         115   4.66890727786027        19.4473984077754     
         116   3.90180644109317        19.6157056079113     
         117   3.12868930160282        19.7537668117763     
         118   2.35074794998159        19.8613691390009     
         119   1.56918191540732        19.9383466745956     
         120  0.785196316056194        19.9845807247801     
         121  0.0000000E+00   20.0000000000000     
         121
           1           1           1  0.000000000000000E+000           1
  0.000000000000000E+000
          21           1           1  0.000000000000000E+000           2
  0.000000000000000E+000
          21           2           1  0.000000000000000E+000           2
  0.000000000000000E+000
          21           3           1  0.000000000000000E+000           2
  0.000000000000000E+000
          22           1           1  0.000000000000000E+000           2
  0.000000000000000E+000
          22           2           1  0.000000000000000E+000           2
  0.000000000000000E+000
          22           3           1  0.000000000000000E+000           2
  0.000000000000000E+000
          23           1           1  0.000000000000000E+000           2
  0.000000000000000E+000
          23           2           1  0.000000000000000E+000           2
  0.000000000000000E+000
          23           3           1  0.000000000000000E+000           2
  0.000000000000000E+000
          24           1           1  0.000000000000000E+000           2
  0.000000000000000E+000
          24           2           1  0.000000000000000E+000           2
  0.000000000000000E+000
          24           3           1  0.000000000000000E+000           2
  0.000000000000000E+000
          25           1           1  0.000000000000000E+000           2
  0.000000000000000E+000
          25           2           1  0.000000000000000E+000           2
  0.000000000000000E+000
          25           3           1  0.000000000000000E+000           2
  0.000000000000000E+000
          26           1           1  0.000000000000000E+000           2
  0.000000000000000E+000
          26           2           1  0.000000000000000E+000           2
  0.000000000000000E+000
          26           3           1  0.000000000000000E+000           2
  0.000000000000000E+000
          27           1           1  0.000000000000000E+000           2
  0.000000000000000E+000
          27           2           1  0.000000000000000E+000           2
  0.000000000000000E+000
          27           3           1  0.000000000000000E+000           2
  0.000000000000000E+000
          28           1           1  0.000000000000000E+000           2
  0.000000000000000E+000
          28           2           1  0.000000000000000E+000           2
  0.000000000000000E+000
          28           3           1  0.000000000000000E+000           2
  0.000000000000000E+000
          29           1           1  0.000000000000000E+000           2
  0.000000000000000E+000
          29           2           1  0.000000000000000E+000           2
  0.000000000000000E+000
          29           3           1  0.000000000000000E+000           2
  0.000000000000000E+000
          30           1           1  0.000000000000000E+000           2
  0.000000000000000E+000
          30           2           1  0.000000000000000E+000           2
  0.000000000000000E+000
          30           3           1  0.000000000000000E+000           2
  0.000000000000000E+000
          31           1           1  0.000000000000000E+000           2
  0.000000000000000E+000
          31           2           1  0.000000000000000E+000           2
  0.000000000000000E+000
          31           3           1  0.000000000000000E+000           2
  0.000000000000000E+000
          32           1           1  0.000000000000000E+000           2
  0.000000000000000E+000
          32           2           1  0.000000000000000E+000           2
  0.000000000000000E+000
          32           3           1  0.000000000000000E+000           2
  0.000000000000000E+000
          33           1           1  0.000000000000000E+000           2
  0.000000000000000E+000
          33           2           1  0.000000000000000E+000           2
  0.000000000000000E+000
          33           3           1  0.000000000000000E+000           2
  0.000000000000000E+000
          34           1           1  0.000000000000000E+000           2
  0.000000000000000E+000
          34           2           1  0.000000000000000E+000           2
  0.000000000000000E+000
          34           3           1  0.000000000000000E+000           2
  0.000000000000000E+000
          35           1           1  0.000000000000000E+000           2
  0.000000000000000E+000
          35           2           1  0.000000000000000E+000           2
  0.000000000000000E+000
          35           3           1  0.000000000000000E+000           2
  0.000000000000000E+000
          36           1           1  0.000000000000000E+000           2
  0.000000000000000E+000
          36           2           1  0.000000000000000E+000           2
  0.000000000000000E+000
          36           3           1  0.000000000000000E+000           2
  0.000000000000000E+000
          37           1           1  0.000000000000000E+000           2
  0.000000000000000E+000
          37           2           1  0.000000000000000E+000           2
  0.000000000000000E+000
          37           3           1  0.000000000000000E+000           2
  0.000000000000000E+000
          38           1           1  0.000000000000000E+000           2
  0.000000000000000E+000
          38           2           1  0.000000000000000E+000           2
  0.000000000000000E+000
          38           3           1  0.000000000000000E+000           2
  0.000000000000000E+000
          39           1           1  0.000000000000000E+000           2
  0.000000000000000E+000
          39           2           1  0.000000000000000E+000           2
  0.000000000000000E+000
          39           3           1  0.000000000000000E+000           2
  0.000000000000000E+000
          40           1           1  0.000000000000000E+000           2
  0.000000000000000E+000
          40           2           1  0.000000000000000E+000           2
  0.000000000000000E+000
          40           3           1  0.000000000000000E+000           2
  0.000000000000000E+000
          41           1           1   1000.00000000000                1
  0.000000000000000E+000
          41           2           1   999.229036240767                1
   39.2598157579471     
          41           3           1   996.917333733304                1
   78.4590957256070     
          42           1           1   996.917333733304                1
   78.4590957256070     
          42           2           1   993.068456955322                1
   117.537397454494     
          42           3           1   987.688340595840                1
   156.434465035796     
          43           1           1   987.688340595840                1
   156.434465035796     
          43           2           1   980.785280404325                1
   195.090322010624     
          43           3           1   972.369920399249                1
   233.445363849357     
          44           1           1   972.369920399249                1
   233.445363849357     
          44           2           1   962.455236455780                1
   271.440449857512     
          44           3           1   951.056516297928                1
   309.016994366408     
          45           1           1   951.056516297928                1
   309.016994366408     
          45           2           1   938.191335925981                1
   346.117057068016     
          45           3           1   923.879532515582                1
   382.683432354720     
          46           1           1   923.879532515582                1
   382.683432354720     
          46           2           1   908.143173830250                1
   418.659737526216     
          46           3           1   891.006524194483                1
   453.990499727546     
          47           1           1   891.006524194483                1
   453.990499727546     
          47           2           1   872.496007079927                1
   488.621241484224     
          47           3           1   852.640164362303                1
   522.498564702551     
          48           1           1   852.640164362303                1
   522.498564702551     
          48           2           1   831.469612311899                1
   555.570233005603     
          48           3           1   809.016994385503                1
   587.785252277944     
          49           1           1   809.016994385503                1
   587.785252277944     
          49           2           1   785.316930892558                1
   619.093949294849     
          49           3           1   760.405965613152                1
   649.448048314821     
          50           1           1   760.405965613152                1
   649.448048314821     
          50           2           1   734.322509450162                1
   678.800745517281     
          50           3           1   707.106781202421                1
   707.106781170674     
          51           1           1   707.106781202421                1
   707.106781170674     
          51           2           1   678.800745550250                1
   734.322509419686     
          51           3           1   649.448048348961                1
   760.405965583994     
          52           1           1   649.448048348961                1
   760.405965583994     
          52           2           1   619.093949330108                1
   785.316930864763     
          52           3           1   587.785252314267                1
   809.016994359114     
          53           1           1   587.785252314267                1
   809.016994359114     
          53           2           1   555.570233042934                1
   831.469612286956     
          53           3           1   522.498564740832                1
   852.640164338844     
          54           1           1   522.498564740832                1
   852.640164338844     
          54           2           1   488.621241523396                1
   872.496007057989     
          54           3           1   453.990499767549                1
   891.006524174100     
          55           1           1   453.990499767549                1
   891.006524174100     
          55           2           1   418.659737566989                1
   908.143173811454     
          55           3           1   382.683432396199                1
   923.879532498401     
          56           1           1   382.683432396199                1
   923.879532498401     
          56           2           1   346.117057110138                1
   938.191335910441     
          56           3           1   309.016994409107                1
   951.056516284054     
          57           1           1   309.016994409107                1
   951.056516284054     
          57           2           1   271.440449900724                1
   962.455236443593     
          57           3           1   233.445363893014                1
   972.369920388768     
          58           1           1   233.445363893014                1
   972.369920388768     
          58           2           1   195.090322054658                1
   980.785280395566     
          58           3           1   156.434465080141                1
   987.688340588817     
          59           1           1   156.434465080141                1
   987.688340588817     
          59           2           1   117.537397499080                1
   993.068456950045     
          59           3           1   78.4590957703658                1
   996.917333729781     
          60           1           1   78.4590957703658                1
   996.917333729781     
          60           2           1   39.2598158028097                1
   999.229036239004     
          60           3           1  0.000000000000000E+000           1
   1000.00000000000     
           0
           2
           1           3
           2           1
  0.000000000000000E+000
