 
TOMS706_PRB2:
  FORTRAN77 version
  A test problem for DCUTRI.
 
     DCUTRI TEST 
     SUBROUTINE CALLS =    481, IFAIL =  0
       N   ABSOLUTE ERROR    INTEGRAL
        1      0.11E-15   0.9999999999999999
        2      0.00E+00   1.0000000000000000
        3      0.11E-15   0.9999999999999999
        4      0.22E-15   1.0000000000000002
        5      0.22E-15   0.9999999999999998
        6      0.22E-15   1.0000000000000002
        7      0.00E+00   1.0000000000000000
        8      0.22E-15   1.0000000000000002
        9      0.00E+00   1.0000000000000000
       10      0.22E-15   1.0000000000000002
       11      0.10E-14   0.9999999999999990
       12      0.67E-15   0.9999999999999993
       13      0.20E-14   1.0000000000000020
       14      0.20E-14   1.0000000000000020
       15      0.56E-15   0.9999999999999994
       16      0.22E-15   1.0000000000000002
       17      0.11E-14   1.0000000000000011
       18      0.93E-14   1.0000000000000093
       19      0.42E-14   0.9999999999999958
       20      0.21E-14   0.9999999999999979
       21      0.22E-15   1.0000000000000002
       22      0.22E-15   1.0000000000000002
       23      0.27E-14   0.9999999999999973
       24      0.22E-13   1.0000000000000222
       25      0.36E-14   1.0000000000000036
       26      0.38E-14   1.0000000000000038
       27      0.89E-15   0.9999999999999991
       28      0.44E-15   1.0000000000000004
       29      0.22E-15   1.0000000000000002
       30      0.32E-13   1.0000000000000318
       31      0.73E-13   1.0000000000000735
       32      0.25E-13   0.9999999999999755
       33      0.33E-14   1.0000000000000033
       34      0.24E-13   0.9999999999999758
       35      0.38E-14   1.0000000000000038
       36      0.33E-15   0.9999999999999997
       37      0.71E-14   1.0000000000000071
       38      0.69E-13   0.9999999999999309
       39      0.66E-13   0.9999999999999336
       40      0.20E-13   0.9999999999999800
       41      0.10E-12   0.9999999999998983
       42      0.32E-13   0.9999999999999685
       43      0.27E-13   1.0000000000000271
       44      0.64E-14   0.9999999999999936
       45      0.11E-14   1.0000000000000011
       46      0.11E-15   0.9999999999999999
       47      0.76E-13   1.0000000000000759
       48      0.61E-12   1.0000000000006117
       49      0.14E-12   1.0000000000001399
       50      0.21E-13   1.0000000000000209
       51      0.29E-12   1.0000000000002904
       52      0.15E-12   1.0000000000001492
       53      0.66E-14   0.9999999999999934
       54      0.73E-14   1.0000000000000073
       55      0.33E-15   0.9999999999999997
       56      0.71E-13   1.0000000000000713
       57      0.39E-12   1.0000000000003875
       58      0.29E-12   0.9999999999997096
       59      0.11E-11   1.0000000000010651
       60      0.10E-11   1.0000000000010376
       61      0.29E-12   1.0000000000002902
       62      0.14E-12   1.0000000000001363
       63      0.49E-13   1.0000000000000486
       64      0.21E-13   1.0000000000000211
       65      0.29E-14   1.0000000000000029
       66      0.89E-15   0.9999999999999991
       67      0.00E+00   1.0000000000000000
       68      0.73E-12   0.9999999999992674
       69      0.92E-12   0.9999999999990811
       70      0.16E-11   1.0000000000016054
       71      0.47E-11   0.9999999999952945
       72      0.15E-11   1.0000000000015101
       73      0.10E-11   1.0000000000010338
       74      0.20E-12   0.9999999999997957
       75      0.30E-12   1.0000000000002958
       76      0.61E-13   0.9999999999999386
       77      0.13E-13   0.9999999999999866
       78      0.13E-14   1.0000000000000013
       79      0.57E-13   1.0000000000000568
       80      0.73E-12   0.9999999999992709
       81      0.88E-11   0.9999999999911836
       82      0.51E-11   0.9999999999949216
       83      0.12E-10   0.9999999999877534
       84      0.13E-12   0.9999999999998670
       85      0.24E-11   1.0000000000023677
       86      0.16E-11   0.9999999999983666
       87      0.19E-11   1.0000000000018676
       88      0.53E-12   1.0000000000005340
       89      0.77E-13   0.9999999999999227
       90      0.19E-13   1.0000000000000191
       91      0.13E-14   0.9999999999999987
       92      0.27E-12   1.0000000000002665
       93      0.10E-12   1.0000000000000999
       94      0.38E-11   1.0000000000037732
       95      0.15E-10   1.0000000000152340
       96      0.18E-10   1.0000000000178288
       97      0.27E-10   1.0000000000267892
       98      0.16E-10   1.0000000000157452
       99      0.86E-11   0.9999999999913652
      100      0.13E-10   1.0000000000132447
      101      0.15E-11   0.9999999999984504
      102      0.92E-12   0.9999999999990753
      103      0.23E-12   1.0000000000002311
      104      0.15E-13   0.9999999999999850
      105      0.67E-15   1.0000000000000007
 
     DCUTRI TEST 
     SUBROUTINE CALLS =    185, IFAIL =  0
       N   ABSOLUTE ERROR    INTEGRAL
        1      0.22E-15   0.9999999999999998
        2      0.00E+00   1.0000000000000000
        3      0.44E-15   0.9999999999999996
        4      0.33E-15   0.9999999999999997
        5      0.00E+00   1.0000000000000000
        6      0.44E-15   0.9999999999999996
        7      0.22E-15   0.9999999999999998
        8      0.44E-15   0.9999999999999996
        9      0.44E-15   0.9999999999999996
       10      0.00E+00   1.0000000000000000
       11      0.44E-15   0.9999999999999996
       12      0.44E-15   1.0000000000000004
       13      0.67E-15   0.9999999999999993
       14      0.00E+00   1.0000000000000000
       15      0.44E-15   0.9999999999999996
       16      0.22E-15   1.0000000000000002
       17      0.67E-15   0.9999999999999993
       18      0.33E-15   0.9999999999999997
       19      0.13E-14   1.0000000000000013
       20      0.22E-15   0.9999999999999998
       21      0.00E+00   1.0000000000000000
 
     DCUTRI TEST 
     SUBROUTINE CALLS =     74, IFAIL =  1
       N   ABSOLUTE ERROR    INTEGRAL
        1      0.13E-01   0.9869417152262917
 
     DCUTRI TEST 
     SUBROUTINE CALLS =    962, IFAIL =  1
       N   ABSOLUTE ERROR    INTEGRAL
        1      0.29E-02   0.9971072795998220
 
     DCUTRI TEST 
     SUBROUTINE CALLS =   1702, IFAIL =  0
       N   ABSOLUTE ERROR    INTEGRAL
        1      0.14E-05   1.0000013854850509
 
DCUTRI_PRB2:
  Normal end of execution.
