 2 December  2008   4:15:16.046 PM      
 
SELECT_PRB:
  Test the SELECT program.
 
  FAMILY = 1
   K subsets of an N set.
 
  TASK = 1
   Present each object of the family.
 
  0  00000  554321  444321
  0  10000  554321  443321
  0  11000  554321  443221
  0  11100  554321  443211
  0  11110  554321  443210
 
  FAMILY = 2
   Partitions of N objects into K classes.
 
  TASK = 1
   Present each object of the family.
 
  0  00000  554321  444321
  0  10000  554321  444321
  0  20000  554321  444321
  0  30000  554321  444321
  0  40000  554321  443321
  0  41000  554321  443321
  0  42000  554321  443321
  0  43000  554321  443221
  0  43100  554321  443221
  0  43200  554321  443211
 
  FAMILY = 3
   Permutations of N objects with K cycles.
 
  TASK = 1
   Present each object of the family.
 
  0  00000  554321  444321
  0  10000  554321  444321
  0  20000  554321  444321
  0  30000  554321  444321
  0  40000  554321  443321
  0  41000  554321  443321
  0  42000  554321  443321
  0  43000  554321  443221
  0  43100  554321  443221
  0  43200  554321  443211
 
  FAMILY = 4
   Vector subspaces of dimension K 
   over N-dimensional space over the field 
   of order Q (where Q = 2 ).
 
  TASK = 1
   Present each object of the family.
 
  0  00000  554321  444321
  0  10000  554321  444321
  0  20000  554321  444321
  0  30000  554321  444321
  0  40000  554321  444321
  0  50000  554321  444321
  0  60000  554321  444321
  0  70000  554321  444321
  0  80000  554321  444321
  0  90000  554321  444321
  0  *0000  554321  444321
  0  *0000  554321  444321
  0  *0000  554321  444321
  0  *0000  554321  444321
  0  *0000  554321  444321
  0  *0000  554321  444321
  0  *0000  554321  443321
  0  *1000  554321  443321
  0  *2000  554321  443321
  0  *3000  554321  443321
  0  *4000  554321  443321
  0  *5000  554321  443321
  0  *6000  554321  443321
  0  *7000  554321  443321
  0  *8000  554321  443221
  0  *8100  554321  443221
  0  *8200  554321  443221
  0  *8300  554321  443221
  0  *8400  554321  443211
  0  *8410  554321  443211
  0  *8420  554321  443210
 
  FAMILY = 5
   Permutations of N letters with K runs.
 
  TASK = 1
   Present each object of the family.
 
  0  00000  554321  444321
  0  10000  554321  444321
  0  20000  554321  444321
  0  30000  554321  444321
  0  40000  554321  443321
  0  41000  554321  443321
  0  42000  554321  443321
  0  43000  554321  443221
  0  43100  554321  443221
  0  43200  554321  443211
  0  43300  554321  443211
  0  44000  554321  443221
  0  44100  554321  443221
  0  44200  554321  443211
  0  44300  554321  443211
  0  50000  554321  443321
  0  51000  554321  443321
  0  52000  554321  443321
  0  53000  554321  443221
  0  53100  554321  443221
  0  53200  554321  443211
  0  53300  554321  443211
  0  54000  554321  443221
  0  54100  554321  443221
  0  54200  554321  443211
  0  54300  554321  443211
 
  FAMILY = 6
   Partitions of N whose largest part is K.
 
  TASK = 1
   Present each object of the family.
 
  0  00000  554321  443211
 
  FAMILY = 7
   Compositions of N into K parts.
 
  TASK = 1
   Present each object of the family.
 
  0  00000  554321  444444
  0  00001  554321  444444
  0  00001  554321  444444
  0  00001  554321  444444
  0  00010  554322  444443
  0  00010  554322  444443
  0  00010  554322  444443
  0  00011  554322  444443
  0  00011  554322  444443
  0  00011  554322  444443
  0  00100  554332  444433
  0  00100  554332  444433
  0  00100  554332  444433
  0  00101  554332  444433
  0  00101  554332  444433
  0  00101  554332  444433
  0  00110  554333  444432
  0  00110  554333  444432
  0  00110  554333  444432
  0  00111  554333  444432
  0  01000  554432  444333
  0  01000  554432  444333
  0  01000  554432  444333
  0  01001  554432  444333
  0  01001  554432  444333
  0  01001  554432  444333
  0  01010  554433  444332
  0  01010  554433  444332
  0  01010  554433  444332
  0  01011  554433  444332
  0  01100  554443  444322
  0  01100  554443  444322
  0  01100  554443  444322
  0  01101  554443  444322
  0  01110  554444  444321
  0  10000  555432  443333
  0  10000  555432  443333
  0  10000  555432  443333
  0  10001  555432  443333
  0  10001  555432  443333
  0  10001  555432  443333
  0  10010  555433  443332
  0  10010  555433  443332
  0  10010  555433  443332
  0  10011  555433  443332
  0  10100  555443  443322
  0  10100  555443  443322
  0  10100  555443  443322
  0  10101  555443  443322
  0  10110  555444  443321
  0  11000  555543  443222
  0  11000  555543  443222
  0  11000  555543  443222
  0  11001  555543  443222
  0  11010  555544  443221
  0  11100  555554  443211
 
SELECT_PRB:
  Normal end of execution.
 
 2 December  2008   4:15:16.051 PM      
