Plate in traction, displacement conditions.
12 5 0
1 2100000 0.25 6
2.0  2.0
2.0  4.0
3.0  3.0
4.0  2.0
4.0  4.0
1  0.0  0.0
4  6.0  0.0
7  6.0  6.0
10 0.0  6.0
13 0.0  0.0
1  1 -0.000357142  2  0.001428571  3  0.001428571  4  0.000357142
4  1  0.001428571  2 -0.000357142  3 -0.000357142  4 -0.001428571
7  1 -0.000357142  2  0.001428571  3  0.001428571  4  0.000357142
10 1  0.001428571  2 -0.000357142  3 -0.000357142  4 -0.001428571
13 1 -0.000357142  2  0.001428571  3  0.001428571  4  0.000357142
