25 January   2008   9:18:18.184 AM      
 
ASA243_PRB:
  FORTRAN77 version
 
  Test routines in the ASA243 library.
 
TEST01:
  TNC computes the noncentral Student T 
  Cumulative Density Function.
  Compare with tabulated values.
 
        X         LAMBDA        DF      CDF             CDF           DIFF
                                        Tabulated       PRNCST
 
      3.0000      0.0000         1    0.897584        0.897584      0.3150E-10
      3.0000      0.0000         2    0.952267        0.952267      0.3235E-10
      3.0000      0.0000         3    0.971166        0.971166      0.6081E-12
      3.0000      0.5000         1    0.823122        0.823122      0.3707E-07
      3.0000      0.5000         2    0.904902        0.904902      0.4200E-07
      3.0000      0.5000         3    0.936347        0.936347      0.4389E-07
      3.0000      1.0000         1    0.730103        0.730102      0.1261E-06
      3.0000      1.0000         2    0.833559        0.833559      0.1284E-06
      3.0000      1.0000         3    0.877401        0.877401      0.1243E-06
      3.0000      2.0000         1    0.524857        0.524857      0.9879E-07
      3.0000      2.0000         2    0.629386        0.629385      0.5472E-06
      3.0000      2.0000         3    0.680027        0.680027      0.4342E-06
      3.0000      4.0000         1    0.205901        0.205901      0.2237E-06
      3.0000      4.0000         2    0.211215        0.211215      0.2565E-06
      3.0000      4.0000         3    0.207473        0.207473      0.3708E-06
     15.0000      7.0000        15    0.998113        0.998112      0.7144E-06
     15.0000      7.0000        20    0.999487        0.999487      0.7313E-06
     15.0000      7.0000        25    0.999839        0.999838      0.7403E-06
      0.0500      1.0000         1    0.168611        0.168611      0.2621E-08
      0.0500      1.0000         2    0.169680        0.169680      0.4583E-08
      0.0500      1.0000         3    0.170104        0.170104      0.5113E-08
      4.0000      2.0000        10    0.924768        0.924768      0.1552E-06
      4.0000      3.0000        10    0.748314        0.748314      0.1481E-06
      4.0000      4.0000        10    0.465980        0.465980      0.1852E-06
      5.0000      2.0000        10    0.976187        0.976187      0.4287E-06
      5.0000      3.0000        10    0.897969        0.897969      0.1659E-06
      5.0000      4.0000        10    0.718190        0.718190      0.5744E-06
      6.0000      2.0000        10    0.992366        0.992365      0.6706E-06
      6.0000      3.0000        10    0.961034        0.961034      0.4053E-06
      6.0000      4.0000        10    0.868801        0.868800      0.6125E-06
 
ASA243_PRB:
  Normal end of execution.
 
25 January   2008   9:18:18.188 AM      
