 
11 February  2008   5:05:58.508 PM      
 
TOMS322_PRB
  FORTRAN77 version
 
  Test ACM TOMS algorithm 322.
 
TEST01

               Testing two-tailed normal distribution

    N1   N2       X      P-Exp       P-Calc      E-Diff     E-Rel
  ---- ----    ------  ----------  ----------  ----------   -----
     1 5000    4.4170  0.1000E-04  0.1022E-04  0.2193E-06   0.022
     1 5000    3.8910  0.1000E-03  0.1011E-03  0.1130E-05   0.011
     1 5000    3.2910  0.1000E-02  0.1005E-02  0.5242E-05   0.005
     1 5000    2.5760  0.1000E-01  0.1002E-01  0.2351E-04   0.002
     1 5000    2.2410  0.2500E-01  0.2507E-01  0.6980E-04   0.003
     1 5000    1.9600  0.5000E-01  0.5005E-01  0.5125E-04   0.001
     1 5000    1.6450  0.1000      0.1000      0.3267E-04   0.000
     1 5000    1.1500  0.2500      0.2502      0.1989E-03   0.001
     1 5000    0.6740  0.5000      0.5003      0.3425E-03   0.001
     1 5000    0.3190  0.7500      0.7497      0.2602E-03   0.000
     1 5000    0.1260  0.9000      0.8997      0.2630E-03   0.000
     1 5000    0.0630  0.9500      0.9498      0.2310E-03   0.000
     1 5000    0.0125  0.9900      0.9900      0.2719E-04   0.000
 
TEST02

               Testing two-tailed Student's T

    N1   N2       X      P-Exp       P-Calc      E-Diff     E-Rel
  ---- ----    ------  ----------  ----------  ----------   -----
     1    1    1.0000  0.5000      0.5000      0.2546E-10   0.000
     1    2    0.8170  0.5000      0.4998      0.2311E-03   0.000
     1   10    0.7000  0.5000      0.4999      0.1124E-03   0.000
     1   20    0.6870  0.5000      0.5000      0.2805E-04   0.000
     1  120    0.6770  0.5000      0.4997      0.2910E-03   0.001
     1    1    6.3140  0.1000      0.1000      0.3875E-05   0.000
     1    2    2.9200  0.1000      0.1000      0.8504E-06   0.000
     1   10    1.8130  0.1000      0.9991E-01  0.8788E-04   0.001
     1   20    1.7250  0.1000      0.9995E-01  0.5177E-04   0.001
     1  120    1.6580  0.1000      0.9993E-01  0.7063E-04   0.001
     1    1   12.7060  0.5000E-01  0.5000E-01  0.8003E-06   0.000
     1    2    4.3030  0.5000E-01  0.4999E-01  0.7475E-05   0.000
     1   10    2.2280  0.5000E-01  0.5001E-01  0.1178E-04   0.000
     1   20    2.0860  0.5000E-01  0.5000E-01  0.3643E-05   0.000
     1  120    1.9800  0.5000E-01  0.4999E-01  0.7927E-05   0.000
     1    1   63.6570  0.1000E-01  0.1000E-01  0.4072E-07   0.000
     1    2    9.9250  0.1000E-01  0.1000E-01  0.3114E-06   0.000
     1   10    3.1690  0.1000E-01  0.1000E-01  0.4635E-05   0.000
     1   20    2.8450  0.1000E-01  0.1001E-01  0.7548E-05   0.001
     1  120    2.6170  0.1000E-01  0.1001E-01  0.1166E-04   0.001
     1    1  127.3200  0.5000E-02  0.5000E-02  0.5256E-07   0.000
     1    2   14.0890  0.5000E-02  0.5000E-02  0.3359E-07   0.000
     1   10    3.5810  0.5000E-02  0.5003E-02  0.3377E-05   0.001
     1   20    3.1530  0.5000E-02  0.5005E-02  0.4558E-05   0.001
     1  120    2.8600  0.5000E-02  0.4998E-02  0.1991E-05   0.000
 
TEST03

               Testing chi-square distribution

    N1   N2       X      P-Exp       P-Calc      E-Diff     E-Rel
  ---- ----    ------  ----------  ----------  ----------   -----
     1 5000    0.4500  0.5000      0.5024      0.2366E-02   0.005
     2 5000    1.3900  0.5000      0.4991      0.8773E-03   0.002
    10 5000    9.3400  0.5000      0.5003      0.2849E-03   0.001
    20 5000   19.3400  0.5000      0.5000      0.9980E-06   0.000
   100 5000   99.3300  0.5000      0.5005      0.4874E-03   0.001
     1 5000    3.8400  0.5000E-01  0.5010E-01  0.9900E-04   0.002
     2 5000    5.9900  0.5000E-01  0.5013E-01  0.1264E-03   0.003
    10 5000   18.3100  0.5000E-01  0.5025E-01  0.2462E-03   0.005
    20 5000   31.4100  0.5000E-01  0.5052E-01  0.5151E-03   0.010
   100 5000  124.3400  0.5000E-01  0.5208E-01  0.2079E-02   0.042
     1 5000    5.0200  0.2500E-01  0.2510E-01  0.9991E-04   0.004
     2 5000    7.3800  0.2500E-01  0.2504E-01  0.4003E-04   0.002
    10 5000   20.4800  0.2500E-01  0.2524E-01  0.2353E-03   0.009
    20 5000   34.1700  0.2500E-01  0.2536E-01  0.3571E-03   0.014
   100 5000  129.5600  0.2500E-01  0.2644E-01  0.1437E-02   0.057
     1 5000    6.6300  0.1000E-01  0.1006E-01  0.5602E-04   0.006
     2 5000    9.2100  0.1000E-01  0.1004E-01  0.4416E-04   0.004
    10 5000   23.2100  0.1000E-01  0.1012E-01  0.1194E-03   0.012
    20 5000   37.5700  0.1000E-01  0.1020E-01  0.1954E-03   0.020
   100 5000  135.8100  0.1000E-01  0.1080E-01  0.7979E-03   0.080
     1 5000    7.8800  0.5000E-02  0.5018E-02  0.1781E-04   0.004
     2 5000   10.6000  0.5000E-02  0.5020E-02  0.1967E-04   0.004
    10 5000   25.1900  0.5000E-02  0.5074E-02  0.7400E-04   0.015
    20 5000   40.0000  0.5000E-02  0.5124E-02  0.1242E-03   0.025
   100 5000  140.1700  0.5000E-02  0.5495E-02  0.4950E-03   0.099
 
TEST04

               Testing F distribution

    N1   N2       X      P-Exp       P-Calc      E-Diff     E-Rel
  ---- ----    ------  ----------  ----------  ----------   -----
     1    116211.0000  0.5000E-02  0.5000E-02  0.4270E-07   0.000
     1    2  198.5000  0.5000E-02  0.5000E-02  0.3144E-07   0.000
     1   10   12.8260  0.5000E-02  0.5001E-02  0.5457E-06   0.000
     1   20    9.9439  0.5000E-02  0.5000E-02  0.6292E-07   0.000
     1  120    8.1790  0.5000E-02  0.5000E-02  0.4457E-06   0.000
     2    120000.0000  0.5000E-02  0.5000E-02  0.6239E-07   0.000
     2    2  199.0000  0.5000E-02  0.5000E-02  0.1118E-09   0.000
     2   10    9.4270  0.5000E-02  0.5000E-02  0.1598E-08   0.000
     2   20    6.9865  0.5000E-02  0.5000E-02  0.1033E-06   0.000
     2  120    5.5393  0.5000E-02  0.5000E-02  0.3304E-07   0.000
    10    124224.0000  0.5000E-02  0.5000E-02  0.5036E-07   0.000
    10    2  199.4000  0.5000E-02  0.5000E-02  0.9761E-08   0.000
    10   10    5.8467  0.5000E-02  0.5000E-02  0.7068E-07   0.000
    10   20    3.8470  0.5000E-02  0.5000E-02  0.1326E-07   0.000
    10  120    2.7052  0.5000E-02  0.5000E-02  0.2084E-07   0.000
    20    124836.0000  0.5000E-02  0.5000E-02  0.2817E-08   0.000
    20    2  199.4500  0.5000E-02  0.5000E-02  0.1015E-07   0.000
    20   10    5.2740  0.5000E-02  0.5000E-02  0.6205E-07   0.000
    20   20    3.3178  0.5000E-02  0.5000E-02  0.1265E-06   0.000
    20  120    2.1881  0.5000E-02  0.5000E-02  0.1478E-06   0.000
   120    125359.0000  0.5000E-02  0.5000E-02  0.4194E-07   0.000
   120    2  199.4900  0.5000E-02  0.5000E-02  0.3120E-07   0.000
   120   10    4.7501  0.5000E-02  0.5000E-02  0.1201E-06   0.000
   120   20    2.8058  0.5000E-02  0.5000E-02  0.4971E-07   0.000
   120  120    1.6055  0.5000E-02  0.5000E-02  0.3335E-06   0.000
     1    1 4052.2000  0.1000E-01  0.1000E-01  0.2358E-07   0.000
     1    2   98.5030  0.1000E-01  0.1000E-01  0.4836E-07   0.000
     1   10   10.0440  0.1000E-01  0.1000E-01  0.7764E-06   0.000
     1   20    8.0960  0.1000E-01  0.1000E-01  0.1624E-06   0.000
     1  120    6.8510  0.1000E-01  0.9999E-02  0.5624E-06   0.000
     2    1 4999.5000  0.1000E-01  0.1000E-01  0.2235E-09   0.000
     2    2   99.0000  0.1000E-01  0.1000E-01  0.2235E-09   0.000
     2   10    7.5594  0.1000E-01  0.1000E-01  0.1279E-06   0.000
     2   20    5.8489  0.1000E-01  0.1000E-01  0.2027E-06   0.000
     2  120    4.7865  0.1000E-01  0.1000E-01  0.9064E-07   0.000
    10    1 6055.7998  0.1000E-01  0.1000E-01  0.3895E-07   0.000
    10    2   99.3990  0.1000E-01  0.1000E-01  0.1961E-07   0.000
    10   10    4.8492  0.1000E-01  0.1000E-01  0.3934E-06   0.000
    10   20    3.3682  0.1000E-01  0.1000E-01  0.2034E-06   0.000
    10  120    2.4721  0.1000E-01  0.9999E-02  0.6860E-06   0.000
    20    1 6208.7002  0.1000E-01  0.1000E-01  0.2440E-07   0.000
    20    2   99.4900  0.1000E-01  0.9996E-02  0.4081E-05   0.000
    20   10    4.4054  0.1000E-01  0.1000E-01  0.4272E-07   0.000
    20   20    2.9377  0.1000E-01  0.1000E-01  0.6607E-06   0.000
    20  120    2.0346  0.1000E-01  0.9999E-02  0.5331E-06   0.000
   120    1 6339.3999  0.1000E-01  0.1000E-01  0.6581E-08   0.000
   120    2   99.4910  0.1000E-01  0.1000E-01  0.1657E-07   0.000
   120   10    3.9965  0.1000E-01  0.1000E-01  0.1898E-06   0.000
   120   20    2.5168  0.1000E-01  0.1000E-01  0.4217E-06   0.000
   120  120    1.5330  0.1000E-01  0.9999E-02  0.7335E-06   0.000
     1    1  161.4500  0.5000E-01  0.5000E-01  0.3644E-06   0.000
     1    2   18.5130  0.5000E-01  0.5000E-01  0.4510E-06   0.000
     1   10    4.9646  0.5000E-01  0.5000E-01  0.4981E-07   0.000
     1   20    4.3513  0.5000E-01  0.5000E-01  0.1346E-05   0.000
     1  120    3.9201  0.5000E-01  0.5000E-01  0.7019E-06   0.000
     2    1  199.5000  0.5000E-01  0.5000E-01  0.7451E-09   0.000
     2    2   19.0000  0.5000E-01  0.5000E-01  0.7451E-09   0.000
     2   10    4.1028  0.5000E-01  0.5000E-01  0.5794E-06   0.000
     2   20    3.4928  0.5000E-01  0.5000E-01  0.1055E-05   0.000
     2  120    3.0718  0.5000E-01  0.5000E-01  0.9800E-06   0.000
    10    1  241.8800  0.5000E-01  0.5000E-01  0.1791E-06   0.000
    10    2   19.3960  0.5000E-01  0.5000E-01  0.2587E-06   0.000
    10   10    2.9782  0.5000E-01  0.5000E-01  0.1849E-05   0.000
    10   20    2.3479  0.5000E-01  0.5000E-01  0.1856E-05   0.000
    10  120    1.9105  0.5000E-01  0.4999E-01  0.5375E-05   0.000
    20    1  248.0100  0.5000E-01  0.5000E-01  0.3101E-06   0.000
    20    2   19.4460  0.5000E-01  0.5000E-01  0.5773E-06   0.000
    20   10    2.7740  0.5000E-01  0.5000E-01  0.9405E-06   0.000
    20   20    2.1242  0.5000E-01  0.5000E-01  0.4654E-05   0.000
    20  120    1.6587  0.5000E-01  0.5000E-01  0.4031E-05   0.000
   120    1  253.2500  0.5000E-01  0.5000E-01  0.2806E-06   0.000
   120    2   19.4870  0.5000E-01  0.5000E-01  0.9843E-06   0.000
   120   10    2.5801  0.5000E-01  0.5000E-01  0.1434E-05   0.000
   120   20    1.8963  0.5000E-01  0.5000E-01  0.2383E-05   0.000
   120  120    1.3519  0.5000E-01  0.4999E-01  0.5607E-05   0.000
     1    1    1.0000  0.5000      0.5000      0.2546E-10   0.000
     1    2    0.6667  0.5000      0.5000      0.9444E-06   0.000
     1   10    0.4897  0.5000      0.5000      0.2958E-05   0.000
     1   20    0.4719  0.5000      0.5000      0.6076E-05   0.000
     1  120    0.4577  0.5000      0.5000      0.1590E-04   0.000
     2    1    1.5000  0.5000      0.5000       0.000       0.000
     2    2    1.0000  0.5000      0.5000       0.000       0.000
     2   10    0.7435  0.5000      0.5000      0.7810E-06   0.000
     2   20    0.7177  0.5000      0.5000      0.2164E-05   0.000
     2  120    0.6972  0.5000      0.5000      0.1780E-05   0.000
    10    1    2.0419  0.5000      0.5000      0.1302E-05   0.000
    10    2    1.3450  0.5000      0.5000      0.1146E-05   0.000
    10   10    1.0000  0.5000      0.5000       0.000       0.000
    10   20    0.9663  0.5000      0.5000      0.2857E-05   0.000
    10  120    0.9394  0.5000      0.5000      0.5346E-05   0.000
    20    1    2.1190  0.5000      0.5000      0.6396E-05   0.000
    20    2    1.3933  0.5000      0.5000      0.6594E-05   0.000
    20   10    1.0349  0.5000      0.5000      0.9661E-05   0.000
    20   20    1.0000  0.5000      0.5000       0.000       0.000
    20  120    0.9723  0.5000      0.5000      0.4928E-06   0.000
   120    1    2.1848  0.5000      0.5000      0.8501E-06   0.000
   120    2    1.4344  0.5000      0.5000      0.5335E-05   0.000
   120   10    1.0645  0.5000      0.5000      0.1404E-04   0.000
   120   20    1.0285  0.5000      0.5000      0.1207E-04   0.000
   120  120    1.0000  0.5000      0.5000      0.4441E-15   0.000
 
TOMS322_PRB:
  Normal end of execution.
 
11 February  2008   5:05:58.523 PM      
