20060121  072400.000
 
TOMS359_PRB
  Test TOMS algorithm 359, which computes
  the analysis of variance.
 
TEST01
  Test FNOVA
 
  Y:
 
   1    2.000000
   2    9.000000
   3    8.000000
   4    5.000000
   5    4.000000
   6    0.000000
   7    2.000000
   8    1.000000
   9    0.000000
  10    6.000000
  11    0.000000
  12    4.000000
 
  Z:
 
   1   11.835680
   2    0.353553
   3    1.020620
   4    0.866025
   5   -4.596193
   6   -1.837117
   7    4.330127
   8   -4.596194
   9    0.612372
  10    4.907477
  11   -1.060660
  12   -3.878359
 
TOMS359_PRB
  Normal end of execution.
 
20060121  072400.000
