
 <<<<<<<<<<<<<<<<<<<<<<<<<<<<<<<<<<<<<<<<<<<<<<<<<<<<<<<<<<<<<<<<<<
 <<                END OF DISLIN / VERSION 10.1                  <<
 <<  Date    : 19.05.2011  Time    : 19:53:50  Pageformat: USAP  <<
 <<  Vectors : 3480        Warnings: 0         Fileformat:  PNG  <<
 <<  Metafile: surface_grid.png                                  <<
 <<<<<<<<<<<<<<<<<<<<<<<<<<<<<<<<<<<<<<<<<<<<<<<<<<<<<<<<<<<<<<<<<<

 
SURFACE_GRID:
  FORTRAN77 version
  Use DISLIN routines to plot (X,Y) data as a curve.
  -2.0000000      -1.0000000      4.17499989E-03
  -1.9000000      -1.0000000      7.29099987E-03
  -1.8000000      -1.0000000      6.39599981E-03
  -1.7000000      -1.0000000     -1.15899998E-03
  -1.6000000      -1.0000000     -1.47639997E-02
  -1.5000000      -1.0000000     -2.96490006E-02
  -1.4000000      -1.0000000     -3.82889993E-02
  -1.3000000      -1.0000000     -3.35120000E-02
  -1.2000000      -1.0000000     -1.16889998E-02
  -1.1000000      -1.0000000      2.56079994E-02
  -1.0000000      -1.0000000      7.21229985E-02
 -0.89999998      -1.0000000      0.11916800    
 -0.80000001      -1.0000000      0.15844500    
 -0.69999999      -1.0000000      0.18431500    
 -0.60000002      -1.0000000      0.19484900    
 -0.50000000      -1.0000000      0.19163699    
 -0.40000001      -1.0000000      0.17875800    
 -0.30000001      -1.0000000      0.16143399    
 -0.20000000      -1.0000000      0.14480700    
 -0.10000000      -1.0000000      0.13304700    
   0.0000000      -1.0000000      0.12882200    
  0.10000000      -1.0000000      0.13304700    
  0.20000000      -1.0000000      0.14480700    
  0.30000001      -1.0000000      0.16143399    
  0.40000001      -1.0000000      0.17875800    
  0.50000000      -1.0000000      0.19163699    
  0.60000002      -1.0000000      0.19484900    
  0.69999999      -1.0000000      0.18431500    
  0.80000001      -1.0000000      0.15844500    
  0.89999998      -1.0000000      0.11916800    
   1.0000000      -1.0000000      7.21229985E-02
   1.1000000      -1.0000000      2.56079994E-02
   1.2000000      -1.0000000     -1.16889998E-02
   1.3000000      -1.0000000     -3.35120000E-02
   1.4000000      -1.0000000     -3.82889993E-02
   1.5000000      -1.0000000     -2.96490006E-02
   1.6000000      -1.0000000     -1.47639997E-02
   1.7000000      -1.0000000     -1.15899998E-03
   1.8000000      -1.0000000      6.39599981E-03
   1.9000000      -1.0000000      7.29099987E-03
   2.0000000      -1.0000000      4.17499989E-03
 
SURFACE_GRID:
  Normal end of execution.
