 8 June      2007  10:49:38.000 AM      
 
TOMS647_PRB:
  FORTRAN77 version
 
  Test the routines in the TOMS647 library.

TEST FAURE
DIMENSION =        5
ATMOST =     7000
 
  Iteration   Estimate
 
       500     1.02487    
      1000     1.01998    
      1500     1.01888    
      2000     1.01689    
      2500     1.00850    
      3000     1.01021    
      3500     1.00558    
      4000     1.00485    
      4500     1.00644    
      5000     1.00590    
      5500     1.00521    
      6000     1.00529    
      6500     1.00497    
      7000     1.00446    
 
 TEST HALTON
 DIMENSION =  5
 ATMOST =  7000
 TINY =   2.22044605E-16
 
  Iteration   Estimate
 
       500    0.954996    
      1000    0.987137    
      1500    0.991661    
      2000    0.990409    
      2500    0.994053    
      3000    0.985791    
      3500    0.994079    
      4000    0.990300    
      4500    0.995785    
      5000    0.994566    
      5500    0.994474    
      6000    0.995932    
      6500    0.996187    
      7000    0.995155    
 
 TEST SOBOL
 DIMENSION =  5
 ATMOST =  7000
TAUS =        5
 
  Iteration   Estimate
 
       500    0.946954    
      1000    0.971013    
      1500    0.995067    
      2000    0.993572    
      2500    0.993377    
      3000    0.995183    
      3500    0.991843    
      4000    0.996178    
      4500    0.996234    
      5000    0.997120    
      5500    0.997078    
      6000    0.998056    
      6500    0.996548    
      7000    0.995672    
1
 TEST UNIF
 DIMENSION =  5
 ATMOST =  7000
 SEED =  12345
 
  Iteration   Estimate
 
       500    0.992232    
      1000     1.00367    
      1500     1.02997    
      2000     1.03792    
      2500     1.04839    
      3000     1.05744    
      3500     1.04973    
      4000     1.04824    
      4500     1.03746    
      5000     1.03008    
      5500     1.03043    
      6000     1.02426    
      6500     1.02262    
      7000     1.01731    

TEST FAURE
DIMENSION =       10
ATMOST =     7000
 
  Iteration   Estimate
 
       500     1.04800    
      1000     1.00229    
      1500    0.926265    
      2000    0.945856    
      2500    0.959266    
      3000    0.961741    
      3500    0.946206    
      4000    0.968782    
      4500    0.976042    
      5000     1.00008    
      5500    0.982109    
      6000    0.968157    
      6500    0.978571    
      7000    0.977110    
 
 TEST HALTON
 DIMENSION =  10
 ATMOST =  7000
 TINY =   2.22044605E-16
 
  Iteration   Estimate
 
       500    0.958380    
      1000    0.901482    
      1500    0.894960    
      2000    0.915161    
      2500    0.907590    
      3000    0.973641    
      3500    0.973915    
      4000    0.962349    
      4500    0.971170    
      5000    0.969707    
      5500    0.958351    
      6000    0.974913    
      6500    0.963499    
      7000    0.966777    
 
  SKIPPING call to broken Sobol code.
1
 TEST UNIF
 DIMENSION =  10
 ATMOST =  7000
 SEED =  12345
 
  Iteration   Estimate
 
       500     1.00493    
      1000     1.10513    
      1500     1.14628    
      2000     1.09815    
      2500     1.07390    
      3000     1.04825    
      3500     1.01742    
      4000     1.04004    
      4500     1.04401    
      5000     1.01023    
      5500    0.986006    
      6000    0.976664    
      6500    0.977281    
      7000    0.956735    

TEST FAURE
DIMENSION =       20
ATMOST =     7000
 
  Iteration   Estimate
 
       500     1.04733    
      1000     1.05394    
      1500    0.829056    
      2000     1.03011    
      2500    0.907180    
      3000    0.837263    
      3500     1.10225    
      4000     1.11187    
      4500     1.05438    
      5000    0.986046    
      5500    0.945719    
      6000    0.912296    
      6500    0.891101    
      7000    0.877946    
 
 TEST HALTON
 DIMENSION =  20
 ATMOST =  7000
 TINY =   2.22044605E-16
 
  Iteration   Estimate
 
       500     3.12913    
      1000     2.32410    
      1500     1.75821    
      2000     1.44426    
      2500     1.37325    
      3000     1.36287    
      3500     1.29742    
      4000     1.19617    
      4500     1.13845    
      5000     1.14027    
      5500     1.09232    
      6000     1.09239    
      6500     1.03399    
      7000    0.998025    
 
  SKIPPING call to broken Sobol code.
1
 TEST UNIF
 DIMENSION =  20
 ATMOST =  7000
 SEED =  12345
 
  Iteration   Estimate
 
       500     1.73018    
      1000     1.81165    
      1500     1.32840    
      2000     1.51046    
      2500     1.37991    
      3000     1.28427    
      3500     1.17516    
      4000     1.23347    
      4500     1.25112    
      5000     1.17262    
      5500     1.13745    
      6000     1.20568    
      6500     1.27396    
      7000     1.25709    
 
TOMS647_PRB:
  Normal end of execution.
 
 8 June      2007  10:49:39.000 AM      
