 5 October   2012   9:19:34.529 AM      

RBF_INTERP_2D_TEST:
  FORTRAN77 version
  Test the RBF_INTERP_2D library.
  The R8LIB library is needed.
  This test also needs the TEST_INTERP_2D library.

RBF_INTERP_2D_TEST01:
  Interpolate data from TEST_INTERP_2D problem #     1
  using grid #     1
  using radial basis function "phi1".
  Number of data points =    100
 
  X, Y, Z data:
 
       1  0.227035E-01 -0.310206E-01  0.768893    
       2  0.539888E-01  0.158674      0.952023    
       3  0.217008E-01  0.257692      0.846574    
       4  0.175129E-01  0.341401      0.726415    
       5  0.190290E-02  0.494360      0.488472    
       6 -0.509685E-01  0.578285      0.413568    
       7  0.395408E-01  0.699342      0.352128    
       8 -0.487061E-01  0.747019      0.344875    
       9  0.315828E-01  0.910765      0.289111    
      10 -0.418785E-01  0.996289      0.274649    
      11  0.132419      0.501330E-01  0.937829    
      12  0.109027      0.918555E-01  0.986822    
      13  0.125444      0.259297       1.09338    
      14  0.934540E-01  0.338159      0.875489    
      15  0.767578E-01  0.417112      0.666256    
      16  0.145187      0.561556      0.431912    
      17  0.626494E-01  0.655223      0.368028    
      18  0.145273      0.752407      0.311393    
      19  0.958668E-01  0.914652      0.277600    
      20  0.695559E-01  0.963242      0.270217    
      21  0.264560      0.292939E-01  0.864180    
      22  0.239165      0.602303E-01  0.963412    
      23  0.208899      0.266878       1.16899    
      24  0.276733      0.369604      0.837369    
      25  0.171473      0.480174      0.571246    
      26  0.226678      0.594060      0.374833    
      27  0.190921      0.687880      0.322824    
      28  0.186765      0.818558      0.280276    
      29  0.230463      0.904651      0.246630    
      30  0.242622      0.980541      0.228062    
      31  0.366317      0.396955E-01  0.702946    
      32  0.385766      0.684484E-01  0.699960    
      33  0.383239      0.238955      0.824421    
      34  0.317909      0.312413      0.913197    
      35  0.346632      0.490299      0.443563    
      36  0.377659      0.519930      0.371777    
      37  0.387316      0.644523      0.230414    
      38  0.381292      0.820379      0.927210E-01
      39  0.379536      0.893808      0.156220    
      40  0.280351      0.971172      0.218713    
      41  0.414977     -0.284618E-01  0.542073    
      42  0.427768      0.156097      0.678798    
      43  0.420001      0.226247      0.716519    
      44  0.466363      0.317509      0.550298    
      45  0.485566      0.389142      0.453464    
      46  0.409203      0.508495      0.361420    
      47  0.479258      0.632425      0.203101    
      48  0.481228      0.751101      0.271963E-01
      49  0.397776      0.848971      0.950689E-01
      50  0.402732      0.997873      0.175239    
      51  0.584869     -0.271948E-01  0.344022    
      52  0.573008      0.127243      0.421405    
      53  0.606389      0.270927      0.517974    
      54  0.501389      0.347773      0.485388    
      55  0.574131      0.425942      0.420671    
      56  0.610695      0.608471      0.226834    
      57  0.599011      0.673378      0.174763    
      58  0.538062      0.723524      0.106604    
      59  0.609697      0.924241      0.121523    
      60  0.502619       1.03088      0.143132    
      61  0.661693      0.255959E-01  0.309886    
      62  0.642784      0.707835E-01  0.347567    
      63  0.639647      0.200834      0.483013    
      64  0.670396      0.325984      0.590166    
      65  0.700118      0.489070      0.419763    
      66  0.633359      0.509632      0.350832    
      67  0.690895      0.669788      0.171190    
      68  0.689564      0.775957      0.123537    
      69  0.671889      0.936610      0.105881    
      70  0.683767       1.00645      0.965411E-01
      71  0.773694      0.285374E-01  0.258233    
      72  0.763533      0.102140      0.344969    
      73  0.741042      0.193658      0.502544    
      74  0.825898      0.323577      0.595363    
      75  0.730603      0.471423      0.463638    
      76  0.808661      0.609160      0.201979    
      77  0.821453      0.668505      0.137769    
      78  0.729064      0.802281      0.107913    
      79  0.807664      0.847679      0.807050E-01
      80  0.817095       1.05124      0.634315E-01
      81  0.842457      0.380499E-01  0.224616    
      82  0.868405      0.902048E-01  0.256122    
      83  0.836692      0.208309      0.467400    
      84  0.941846      0.331849      0.370426    
      85  0.847812      0.433563      0.469966    
      86  0.859958      0.591014      0.197556    
      87  0.917570      0.630738      0.123035    
      88  0.859633      0.814484      0.726868E-01
      89  0.927987      0.904231      0.509025E-01
      90  0.851281      0.969603      0.614595E-01
      91   1.04498     -0.120900E-01  0.858189E-01
      92  0.967063      0.133411      0.195839    
      93  0.985788      0.269584      0.264600    
      94  0.967631      0.379528      0.301240    
      95   1.01293      0.439605      0.186412    
      96  0.965704      0.504443      0.198566    
      97   1.00199      0.694152      0.598025E-01
      98   1.03593      0.745992      0.435229E-01
      99   1.04147      0.868208      0.349328E-01
     100  0.947151      0.980141      0.441671E-01
 
  Setting R0 =   0.108908    

  L2 interpolation error averaged per interpolant node =   0.271473E-13

RBF_INTERP_2D_TEST01:
  Interpolate data from TEST_INTERP_2D problem #     1
  using grid #     1
  using radial basis function "phi2".
  Number of data points =    100
 
  Setting R0 =   0.108908    

  L2 interpolation error averaged per interpolant node =   0.443050E-15

RBF_INTERP_2D_TEST01:
  Interpolate data from TEST_INTERP_2D problem #     1
  using grid #     1
  using radial basis function "phi3".
  Number of data points =    100
 
  Setting R0 =   0.108908    

  L2 interpolation error averaged per interpolant node =   0.330254E-13

RBF_INTERP_2D_TEST01:
  Interpolate data from TEST_INTERP_2D problem #     1
  using grid #     1
  using radial basis function "phi4".
  Number of data points =    100
 
  Setting R0 =   0.108908    

  L2 interpolation error averaged per interpolant node =   0.149358E-14

RBF_INTERP_2D_TEST01:
  Interpolate data from TEST_INTERP_2D problem #     2
  using grid #     1
  using radial basis function "phi1".
  Number of data points =    100
 
  X, Y, Z data:
 
       1  0.227035E-01 -0.310206E-01  0.612160E-01
       2  0.539888E-01  0.158674      0.192913    
       3  0.217008E-01  0.257692      0.219090    
       4  0.175129E-01  0.341401      0.221571    
       5  0.190290E-02  0.494360      0.222191    
       6 -0.509685E-01  0.578285      0.222220    
       7  0.395408E-01  0.699342      0.222221    
       8 -0.487061E-01  0.747019      0.222222    
       9  0.315828E-01  0.910765      0.222222    
      10 -0.418785E-01  0.996289      0.222222    
      11  0.132419      0.501330E-01  0.411676E-01
      12  0.109027      0.918555E-01  0.940749E-01
      13  0.125444      0.259297      0.203897    
      14  0.934540E-01  0.338159      0.219539    
      15  0.767578E-01  0.417112      0.221738    
      16  0.145187      0.561556      0.222099    
      17  0.626494E-01  0.655223      0.222217    
      18  0.145273      0.752407      0.222218    
      19  0.958668E-01  0.914652      0.222222    
      20  0.695559E-01  0.963242      0.222222    
      21  0.264560      0.292939E-01  0.317245E-02
      22  0.239165      0.602303E-01  0.853108E-02
      23  0.208899      0.266878      0.164344    
      24  0.276733      0.369604      0.187067    
      25  0.171473      0.480174      0.221367    
      26  0.226678      0.594060      0.221924    
      27  0.190921      0.687880      0.222193    
      28  0.186765      0.818558      0.222220    
      29  0.230463      0.904651      0.222221    
      30  0.242622      0.980541      0.222222    
      31  0.366317      0.396955E-01  0.619837E-03
      32  0.385766      0.684484E-01  0.732462E-03
      33  0.383239      0.238955      0.154053E-01
      34  0.317909      0.312413      0.105620    
      35  0.346632      0.490299      0.206657    
      36  0.377659      0.519930      0.206289    
      37  0.387316      0.644523      0.220075    
      38  0.381292      0.820379      0.222140    
      39  0.379536      0.893808      0.222201    
      40  0.280351      0.971172      0.222221    
      41  0.414977     -0.284618E-01  0.758829E-04
      42  0.427768      0.156097      0.165881E-02
      43  0.420001      0.226247      0.659288E-02
      44  0.466363      0.317509      0.142671E-01
      45  0.485566      0.389142      0.333041E-01
      46  0.409203      0.508495      0.190354    
      47  0.479258      0.632425      0.208957    
      48  0.481228      0.751101      0.220509    
      49  0.397776      0.848971      0.222156    
      50  0.402732      0.997873      0.222217    
      51  0.584869     -0.271948E-01  0.364832E-05
      52  0.573008      0.127243      0.727729E-04
      53  0.606389      0.270927      0.528862E-03
      54  0.501389      0.347773      0.131644E-01
      55  0.574131      0.425942      0.144277E-01
      56  0.610695      0.608471      0.108887    
      57  0.599011      0.673378      0.176058    
      58  0.538062      0.723524      0.214604    
      59  0.609697      0.924241      0.221452    
      60  0.502619       1.03088      0.222206    
      61  0.661693      0.255959E-01  0.236713E-05
      62  0.642784      0.707835E-01  0.750371E-05
      63  0.639647      0.200834      0.824681E-04
      64  0.670396      0.325984      0.450333E-03
      65  0.700118      0.489070      0.486793E-02
      66  0.633359      0.509632      0.216322E-01
      67  0.690895      0.669788      0.902547E-01
      68  0.689564      0.775957      0.183477    
      69  0.671889      0.936610      0.220344    
      70  0.683767       1.00645      0.221557    
      71  0.773694      0.285374E-01  0.332410E-06
      72  0.763533      0.102140      0.150133E-05
      73  0.741042      0.193658      0.116868E-04
      74  0.825898      0.323577      0.262993E-04
      75  0.730603      0.471423      0.207312E-02
      76  0.808661      0.609160      0.596230E-02
      77  0.821453      0.668505      0.133142E-01
      78  0.729064      0.802281      0.175296    
      79  0.807664      0.847679      0.149481    
      80  0.817095       1.05124      0.218986    
      81  0.842457      0.380499E-01  0.114418E-06
      82  0.868405      0.902048E-01  0.183383E-06
      83  0.836692      0.208309      0.271971E-05
      84  0.941846      0.331849      0.378661E-05
      85  0.847812      0.433563      0.128300E-03
      86  0.859958      0.591014      0.174161E-02
      87  0.917570      0.630738      0.126491E-02
      88  0.859633      0.814484      0.682935E-01
      89  0.927987      0.904231      0.877105E-01
      90  0.851281      0.969603      0.198615    
      91   1.04498     -0.120900E-01  0.121154E-08
      92  0.967063      0.133411      0.675898E-07
      93  0.985788      0.269584      0.559763E-06
      94  0.967631      0.379528      0.561561E-05
      95   1.01293      0.439605      0.732695E-05
      96  0.965704      0.504443      0.550630E-04
      97   1.00199      0.694152      0.868278E-03
      98   1.03593      0.745992      0.119651E-02
      99   1.04147      0.868208      0.940969E-02
     100  0.947151      0.980141      0.143165    
 
  Setting R0 =   0.108908    

  L2 interpolation error averaged per interpolant node =   0.362018E-14

RBF_INTERP_2D_TEST01:
  Interpolate data from TEST_INTERP_2D problem #     2
  using grid #     1
  using radial basis function "phi2".
  Number of data points =    100
 
  Setting R0 =   0.108908    

  L2 interpolation error averaged per interpolant node =   0.559149E-16

RBF_INTERP_2D_TEST01:
  Interpolate data from TEST_INTERP_2D problem #     2
  using grid #     1
  using radial basis function "phi3".
  Number of data points =    100
 
  Setting R0 =   0.108908    

  L2 interpolation error averaged per interpolant node =   0.369043E-14

RBF_INTERP_2D_TEST01:
  Interpolate data from TEST_INTERP_2D problem #     2
  using grid #     1
  using radial basis function "phi4".
  Number of data points =    100
 
  Setting R0 =   0.108908    

  L2 interpolation error averaged per interpolant node =   0.331868E-15

RBF_INTERP_2D_TEST01:
  Interpolate data from TEST_INTERP_2D problem #     3
  using grid #     1
  using radial basis function "phi1".
  Number of data points =    100
 
  X, Y, Z data:
 
       1  0.227035E-01 -0.310206E-01  0.199456    
       2  0.539888E-01  0.158674      0.186496    
       3  0.217008E-01  0.257692      0.127025    
       4  0.175129E-01  0.341401      0.861225E-01
       5  0.190290E-02  0.494360      0.301183E-01
       6 -0.509685E-01  0.578285      0.179016E-01
       7  0.395408E-01  0.699342      0.417262E-01
       8 -0.487061E-01  0.747019      0.448356E-01
       9  0.315828E-01  0.910765      0.133215    
      10 -0.418785E-01  0.996289      0.137409    
      11  0.132419      0.501330E-01  0.270615    
      12  0.109027      0.918555E-01  0.244293    
      13  0.125444      0.259297      0.170363    
      14  0.934540E-01  0.338159      0.109528    
      15  0.767578E-01  0.417112      0.648836E-01
      16  0.145187      0.561556      0.323521E-01
      17  0.626494E-01  0.655223      0.329055E-01
      18  0.145273      0.752407      0.815820E-01
      19  0.958668E-01  0.914652      0.163050    
      20  0.695559E-01  0.963242      0.176264    
      21  0.264560      0.292939E-01  0.357693    
      22  0.239165      0.602303E-01  0.339191    
      23  0.208899      0.266878      0.201765    
      24  0.276733      0.369604      0.135691    
      25  0.171473      0.480174      0.535113E-01
      26  0.226678      0.594060      0.381295E-01
      27  0.190921      0.687880      0.577432E-01
      28  0.186765      0.818558      0.134351    
      29  0.230463      0.904651      0.216371    
      30  0.242622      0.980541      0.279337    
      31  0.366317      0.396955E-01  0.367587    
      32  0.385766      0.684484E-01  0.354961    
      33  0.383239      0.238955      0.248884    
      34  0.317909      0.312413      0.188601    
      35  0.346632      0.490299      0.614932E-01
      36  0.377659      0.519930      0.499912E-01
      37  0.387316      0.644523      0.498356E-01
      38  0.381292      0.820379      0.158616    
      39  0.379536      0.893808      0.223036    
      40  0.280351      0.971172      0.285651    
      41  0.414977     -0.284618E-01  0.351923    
      42  0.427768      0.156097      0.295497    
      43  0.420001      0.226247      0.248535    
      44  0.466363      0.317509      0.159114    
      45  0.485566      0.389142      0.102597    
      46  0.409203      0.508495      0.518602E-01
      47  0.479258      0.632425      0.401642E-01
      48  0.481228      0.751101      0.890800E-01
      49  0.397776      0.848971      0.180327    
      50  0.402732      0.997873      0.299641    
      51  0.584869     -0.271948E-01  0.237797    
      52  0.573008      0.127243      0.222269    
      53  0.606389      0.270927      0.135403    
      54  0.501389      0.347773      0.125929    
      55  0.574131      0.425942      0.639197E-01
      56  0.610695      0.608471      0.256418E-01
      57  0.599011      0.673378      0.376968E-01
      58  0.538062      0.723524      0.640081E-01
      59  0.609697      0.924241      0.150620    
      60  0.502619       1.03088      0.265537    
      61  0.661693      0.255959E-01  0.189512    
      62  0.642784      0.707835E-01  0.194954    
      63  0.639647      0.200834      0.155182    
      64  0.670396      0.325984      0.874835E-01
      65  0.700118      0.489070      0.280980E-01
      66  0.633359      0.509632      0.299176E-01
      67  0.690895      0.669788      0.279626E-01
      68  0.689564      0.775957      0.584468E-01
      69  0.671889      0.936610      0.130316    
      70  0.683767       1.00645      0.151307    
      71  0.773694      0.285374E-01  0.135880    
      72  0.763533      0.102140      0.131407    
      73  0.741042      0.193658      0.116935    
      74  0.825898      0.323577      0.562466E-01
      75  0.730603      0.471423      0.290833E-01
      76  0.808661      0.609160      0.143354E-01
      77  0.821453      0.668505      0.189589E-01
      78  0.729064      0.802281      0.608037E-01
      79  0.807664      0.847679      0.614612E-01
      80  0.817095       1.05124      0.111155    
      81  0.842457      0.380499E-01  0.111464    
      82  0.868405      0.902048E-01  0.994250E-01
      83  0.836692      0.208309      0.854230E-01
      84  0.941846      0.331849      0.396457E-01
      85  0.847812      0.433563      0.272774E-01
      86  0.859958      0.591014      0.119777E-01
      87  0.917570      0.630738      0.116548E-01
      88  0.859633      0.814484      0.448988E-01
      89  0.927987      0.904231      0.565702E-01
      90  0.851281      0.969603      0.854164E-01
      91   1.04498     -0.120900E-01  0.674065E-01
      92  0.967063      0.133411      0.722909E-01
      93  0.985788      0.269584      0.470816E-01
      94  0.967631      0.379528      0.284719E-01
      95   1.01293      0.439605      0.171463E-01
      96  0.965704      0.504443      0.121742E-01
      97   1.00199      0.694152      0.142168E-01
      98   1.03593      0.745992      0.189266E-01
      99   1.04147      0.868208      0.370614E-01
     100  0.947151      0.980141      0.682592E-01
 
  Setting R0 =   0.108908    

  L2 interpolation error averaged per interpolant node =   0.102733E-13

RBF_INTERP_2D_TEST01:
  Interpolate data from TEST_INTERP_2D problem #     3
  using grid #     1
  using radial basis function "phi2".
  Number of data points =    100
 
  Setting R0 =   0.108908    

  L2 interpolation error averaged per interpolant node =   0.146674E-15

RBF_INTERP_2D_TEST01:
  Interpolate data from TEST_INTERP_2D problem #     3
  using grid #     1
  using radial basis function "phi3".
  Number of data points =    100
 
  Setting R0 =   0.108908    

  L2 interpolation error averaged per interpolant node =   0.999752E-14

RBF_INTERP_2D_TEST01:
  Interpolate data from TEST_INTERP_2D problem #     3
  using grid #     1
  using radial basis function "phi4".
  Number of data points =    100
 
  Setting R0 =   0.108908    

  L2 interpolation error averaged per interpolant node =   0.327661E-15

RBF_INTERP_2D_TEST01:
  Interpolate data from TEST_INTERP_2D problem #     4
  using grid #     1
  using radial basis function "phi1".
  Number of data points =    100
 
  X, Y, Z data:
 
       1  0.227035E-01 -0.310206E-01  0.252369E-01
       2  0.539888E-01  0.158674      0.675104E-01
       3  0.217008E-01  0.257692      0.777703E-01
       4  0.175129E-01  0.341401      0.903133E-01
       5  0.190290E-02  0.494360      0.949141E-01
       6 -0.509685E-01  0.578285      0.694990E-01
       7  0.395408E-01  0.699342      0.931871E-01
       8 -0.487061E-01  0.747019      0.533048E-01
       9  0.315828E-01  0.910765      0.467200E-01
      10 -0.418785E-01  0.996289      0.216655E-01
      11  0.132419      0.501330E-01  0.603746E-01
      12  0.109027      0.918555E-01  0.661529E-01
      13  0.125444      0.259297      0.122193    
      14  0.934540E-01  0.338159      0.126446    
      15  0.767578E-01  0.417112      0.129995    
      16  0.145187      0.561556      0.172886    
      17  0.626494E-01  0.655223      0.112037    
      18  0.145273      0.752407      0.127689    
      19  0.958668E-01  0.914652      0.610619E-01
      20  0.695559E-01  0.963242      0.440257E-01
      21  0.264560      0.292939E-01  0.820107E-01
      22  0.239165      0.602303E-01  0.887338E-01
      23  0.208899      0.266878      0.164848    
      24  0.276733      0.369604      0.237629    
      25  0.171473      0.480174      0.192627    
      26  0.226678      0.594060      0.218363    
      27  0.190921      0.687880      0.171885    
      28  0.186765      0.818558      0.121352    
      29  0.230463      0.904651      0.100726    
      30  0.242622      0.980541      0.740510E-01
      31  0.366317      0.396955E-01  0.104170    
      32  0.385766      0.684484E-01  0.121542    
      33  0.383239      0.238955      0.220334    
      34  0.317909      0.312413      0.235837    
      35  0.346632      0.490299      0.295772    
      36  0.377659      0.519930      0.308388    
      37  0.387316      0.644523      0.281216    
      38  0.381292      0.820379      0.184597    
      39  0.379536      0.893808      0.141254    
      40  0.280351      0.971172      0.848606E-01
      41  0.414977     -0.284618E-01  0.781580E-01
      42  0.427768      0.156097      0.178393    
      43  0.420001      0.226247      0.220822    
      44  0.466363      0.317509      0.280008    
      45  0.485566      0.389142      0.312896    
      46  0.409203      0.508495      0.319591    
      47  0.479258      0.632425      0.304353    
      48  0.481228      0.751101      0.241812    
      49  0.397776      0.848971      0.170669    
      50  0.402732      0.997873      0.905921E-01
      51  0.584869     -0.271948E-01  0.786995E-01
      52  0.573008      0.127243      0.160571    
      53  0.606389      0.270927      0.241336    
      54  0.501389      0.347773      0.296432    
      55  0.574131      0.425942      0.315310    
      56  0.610695      0.608471      0.295168    
      57  0.599011      0.673378      0.272418    
      58  0.538062      0.723524      0.256947    
      59  0.609697      0.924241      0.126100    
      60  0.502619       1.03088      0.800256E-01
      61  0.661693      0.255959E-01  0.934497E-01
      62  0.642784      0.707835E-01  0.118307    
      63  0.639647      0.200834      0.191966    
      64  0.670396      0.325984      0.246868    
      65  0.700118      0.489070      0.271999    
      66  0.633359      0.509632      0.304490    
      67  0.690895      0.669788      0.239540    
      68  0.689564      0.775957      0.188992    
      69  0.671889      0.936610      0.109346    
      70  0.683767       1.00645      0.766832E-01
      71  0.773694      0.285374E-01  0.740427E-01
      72  0.763533      0.102140      0.105235    
      73  0.741042      0.193658      0.154456    
      74  0.825898      0.323577      0.166316    
      75  0.730603      0.471423      0.253609    
      76  0.808661      0.609160      0.193738    
      77  0.821453      0.668505      0.171105    
      78  0.729064      0.802281      0.160924    
      79  0.807664      0.847679      0.111942    
      80  0.817095       1.05124      0.430262E-01
      81  0.842457      0.380499E-01  0.624959E-01
      82  0.868405      0.902048E-01  0.716571E-01
      83  0.836692      0.208309      0.122060    
      84  0.941846      0.331849      0.107518    
      85  0.847812      0.433563      0.176685    
      86  0.859958      0.591014      0.165879    
      87  0.917570      0.630738      0.126456    
      88  0.859633      0.814484      0.104972    
      89  0.927987      0.904231      0.576623E-01
      90  0.851281      0.969603      0.584413E-01
      91   1.04498     -0.120900E-01  0.196481E-01
      92  0.967063      0.133411      0.559486E-01
      93  0.985788      0.269584      0.771435E-01
      94  0.967631      0.379528      0.102371    
      95   1.01293      0.439605      0.863793E-01
      96  0.965704      0.504443      0.111173    
      97   1.00199      0.694152      0.769084E-01
      98   1.03593      0.745992      0.573255E-01
      99   1.04147      0.868208      0.380356E-01
     100  0.947151      0.980141      0.377069E-01
 
  Setting R0 =   0.108908    

  L2 interpolation error averaged per interpolant node =   0.532209E-14

RBF_INTERP_2D_TEST01:
  Interpolate data from TEST_INTERP_2D problem #     4
  using grid #     1
  using radial basis function "phi2".
  Number of data points =    100
 
  Setting R0 =   0.108908    

  L2 interpolation error averaged per interpolant node =   0.207276E-15

RBF_INTERP_2D_TEST01:
  Interpolate data from TEST_INTERP_2D problem #     4
  using grid #     1
  using radial basis function "phi3".
  Number of data points =    100
 
  Setting R0 =   0.108908    

  L2 interpolation error averaged per interpolant node =   0.616641E-14

RBF_INTERP_2D_TEST01:
  Interpolate data from TEST_INTERP_2D problem #     4
  using grid #     1
  using radial basis function "phi4".
  Number of data points =    100
 
  Setting R0 =   0.108908    

  L2 interpolation error averaged per interpolant node =   0.407111E-15

RBF_INTERP_2D_TEST01:
  Interpolate data from TEST_INTERP_2D problem #     5
  using grid #     1
  using radial basis function "phi1".
  Number of data points =    100
 
  X, Y, Z data:
 
       1  0.227035E-01 -0.310206E-01  0.109523E-04
       2  0.539888E-01  0.158674      0.560851E-03
       3  0.217008E-01  0.257692      0.987687E-03
       4  0.175129E-01  0.341401      0.179627E-02
       5  0.190290E-02  0.494360      0.219122E-02
       6 -0.509685E-01  0.578285      0.629910E-03
       7  0.395408E-01  0.699342      0.203604E-02
       8 -0.487061E-01  0.747019      0.217987E-03
       9  0.315828E-01  0.910765      0.128639E-03
      10 -0.418785E-01  0.996289      0.594894E-05
      11  0.132419      0.501330E-01  0.358741E-03
      12  0.109027      0.918555E-01  0.517083E-03
      13  0.125444      0.259297      0.601938E-02
      14  0.934540E-01  0.338159      0.690215E-02
      15  0.767578E-01  0.417112      0.771029E-02
      16  0.145187      0.561556      0.241214E-01
      17  0.626494E-01  0.655223      0.425418E-02
      18  0.145273      0.752407      0.717754E-02
      19  0.958668E-01  0.914652      0.375358E-03
      20  0.695559E-01  0.963242      0.101435E-03
      21  0.264560      0.292939E-01  0.122137E-02
      22  0.239165      0.602303E-01  0.167386E-02
      23  0.208899      0.266878      0.199387E-01
      24  0.276733      0.369604      0.860911E-01
      25  0.171473      0.480174      0.371735E-01
      26  0.226678      0.594060      0.613880E-01
      27  0.190921      0.687880      0.235674E-01
      28  0.186765      0.818558      0.585525E-02
      29  0.230463      0.904651      0.277931E-02
      30  0.242622      0.980541      0.811870E-03
      31  0.366317      0.396955E-01  0.317935E-02
      32  0.385766      0.684484E-01  0.589202E-02
      33  0.383239      0.238955      0.636338E-01
      34  0.317909      0.312413      0.835239E-01
      35  0.346632      0.490299      0.206629    
      36  0.377659      0.519930      0.244206    
      37  0.387316      0.644523      0.168858    
      38  0.381292      0.820379      0.313519E-01
      39  0.379536      0.893808      0.107491E-01
      40  0.280351      0.971172      0.140020E-02
      41  0.414977     -0.284618E-01  0.100753E-02
      42  0.427768      0.156097      0.273449E-01
      43  0.420001      0.226247      0.641997E-01
      44  0.466363      0.317509      0.165977    
      45  0.485566      0.389142      0.258801    
      46  0.409203      0.508495      0.281670    
      47  0.479258      0.632425      0.231672    
      48  0.481228      0.751101      0.923156E-01
      49  0.397776      0.848971      0.229077E-01
      50  0.402732      0.997873      0.181855E-02
      51  0.584869     -0.271948E-01  0.103574E-02
      52  0.573008      0.127243      0.179487E-01
      53  0.606389      0.270927      0.915908E-01
      54  0.501389      0.347773      0.208481    
      55  0.574131      0.425942      0.266880    
      56  0.610695      0.608471      0.204946    
      57  0.599011      0.673378      0.148698    
      58  0.538062      0.723524      0.117690    
      59  0.609697      0.924241      0.682684E-02
      60  0.502619       1.03088      0.110734E-02
      61  0.661693      0.255959E-01  0.205909E-02
      62  0.642784      0.707835E-01  0.528943E-02
      63  0.639647      0.200834      0.366661E-01
      64  0.670396      0.325984      0.100282    
      65  0.700118      0.489070      0.147786    
      66  0.633359      0.509632      0.232090    
      67  0.690895      0.669788      0.888945E-01
      68  0.689564      0.775957      0.344458E-01
      69  0.671889      0.936610      0.385984E-02
      70  0.683767       1.00645      0.933609E-03
      71  0.773694      0.285374E-01  0.811509E-03
      72  0.763533      0.102140      0.331138E-02
      73  0.741042      0.193658      0.153670E-01
      74  0.825898      0.323577      0.206584E-01
      75  0.730603      0.471423      0.111693    
      76  0.808661      0.609160      0.380385E-01
      77  0.821453      0.668505      0.231429E-01
      78  0.729064      0.802281      0.181071E-01
      79  0.807664      0.847679      0.423972E-02
      80  0.817095       1.05124      0.925327E-04
      81  0.842457      0.380499E-01  0.411881E-03
      82  0.868405      0.902048E-01  0.711869E-03
      83  0.836692      0.208309      0.599321E-02
      84  0.941846      0.331849      0.360822E-02
      85  0.847812      0.433563      0.263127E-01
      86  0.859958      0.591014      0.204424E-01
      87  0.917570      0.630738      0.690423E-02
      88  0.859633      0.814484      0.327843E-02
      89  0.927987      0.904231      0.298491E-03
      90  0.851281      0.969603      0.314951E-03
      91   1.04498     -0.120900E-01  0.402393E-05
      92  0.967063      0.133411      0.264558E-03
      93  0.985788      0.269584      0.956225E-03
      94  0.967631      0.379528      0.296535E-02
      95   1.01293      0.439605      0.150315E-02
      96  0.965704      0.504443      0.412439E-02
      97   1.00199      0.694152      0.944625E-03
      98   1.03593      0.745992      0.291578E-03
      99   1.04147      0.868208      0.565100E-04
     100  0.947151      0.980141      0.545817E-04
 
  Setting R0 =   0.108908    

  L2 interpolation error averaged per interpolant node =   0.447883E-14

RBF_INTERP_2D_TEST01:
  Interpolate data from TEST_INTERP_2D problem #     5
  using grid #     1
  using radial basis function "phi2".
  Number of data points =    100
 
  Setting R0 =   0.108908    

  L2 interpolation error averaged per interpolant node =   0.449911E-16

RBF_INTERP_2D_TEST01:
  Interpolate data from TEST_INTERP_2D problem #     5
  using grid #     1
  using radial basis function "phi3".
  Number of data points =    100
 
  Setting R0 =   0.108908    

  L2 interpolation error averaged per interpolant node =   0.374583E-14

RBF_INTERP_2D_TEST01:
  Interpolate data from TEST_INTERP_2D problem #     5
  using grid #     1
  using radial basis function "phi4".
  Number of data points =    100
 
  Setting R0 =   0.108908    

  L2 interpolation error averaged per interpolant node =   0.190924E-15

RBF_INTERP_2D_TEST01:
  Interpolate data from TEST_INTERP_2D problem #     6
  using grid #     1
  using radial basis function "phi1".
  Number of data points =    100
 
  X, Y, Z data:
 
       1  0.227035E-01 -0.310206E-01  0.294607E-01
       2  0.539888E-01  0.158674      0.188981    
       3  0.217008E-01  0.257692      0.208971    
       4  0.175129E-01  0.341401      0.229504    
       5  0.190290E-02  0.494360      0.236200    
       6 -0.509685E-01  0.578285      0.193130    
       7  0.395408E-01  0.699342      0.233733    
       8 -0.487061E-01  0.747019      0.154237    
       9  0.315828E-01  0.910765      0.134020    
      10 -0.418785E-01  0.996289      0.188327E-03
      11  0.132419      0.501330E-01  0.172776    
      12  0.109027      0.918555E-01  0.186062    
      13  0.125444      0.259297      0.269346    
      14  0.934540E-01  0.338159      0.273726    
      15  0.767578E-01  0.417112      0.277251    
      16  0.145187      0.561556      0.312676    
      17  0.626494E-01  0.655223      0.258125    
      18  0.145273      0.752407      0.274973    
      19  0.958668E-01  0.914652      0.174436    
      20  0.695559E-01  0.963242      0.124698    
      21  0.264560      0.292939E-01  0.216329    
      22  0.239165      0.602303E-01  0.227111    
      23  0.208899      0.266878      0.306869    
      24  0.276733      0.369604      0.350454    
      25  0.171473      0.480174      0.325712    
      26  0.226678      0.594060      0.340578    
      27  0.190921      0.687880      0.311970    
      28  0.186765      0.818558      0.268458    
      29  0.230463      0.904651      0.244131    
      30  0.242622      0.980541      0.202111    
      31  0.366317      0.396955E-01  0.248580    
      32  0.385766      0.684484E-01  0.268659    
      33  0.383239      0.238955      0.341633    
      34  0.317909      0.312413      0.349575    
      35  0.346632      0.490299      0.375504    
      36  0.377659      0.519930      0.380204    
      37  0.387316      0.644523      0.369792    
      38  0.381292      0.820379      0.320603    
      39  0.379536      0.893808      0.287736    
      40  0.280351      0.971172      0.221024    
      41  0.414977     -0.284618E-01  0.209664    
      42  0.427768      0.156097      0.316478    
      43  0.420001      0.226247      0.341892    
      44  0.466363      0.317509      0.369304    
      45  0.485566      0.389142      0.381831    
      46  0.409203      0.508495      0.384199    
      47  0.479258      0.632425      0.378725    
      48  0.481228      0.751101      0.352478    
      49  0.397776      0.848971      0.311106    
      50  0.402732      0.997873      0.229921    
      51  0.584869     -0.271948E-01  0.210624    
      52  0.573008      0.127243      0.303645    
      53  0.606389      0.270927      0.352250    
      54  0.501389      0.347773      0.375756    
      55  0.574131      0.425942      0.382691    
      56  0.610695      0.608471      0.375274    
      57  0.599011      0.673378      0.366176    
      58  0.538062      0.723524      0.359483    
      59  0.609697      0.924241      0.273375    
      60  0.502619       1.03088      0.212943    
      61  0.661693      0.255959E-01  0.234111    
      62  0.642784      0.707835E-01  0.265186    
      63  0.639647      0.200834      0.325301    
      64  0.670396      0.325984      0.354873    
      65  0.700118      0.489070      0.366000    
      66  0.633359      0.509632      0.378775    
      67  0.690895      0.669788      0.351384    
      68  0.689564      0.775957      0.323430    
      69  0.671889      0.936610      0.254950    
      70  0.683767       1.00645      0.207008    
      71  0.773694      0.285374E-01  0.202096    
      72  0.763533      0.102140      0.249921    
      73  0.741042      0.193658      0.298860    
      74  0.825898      0.323577      0.307954    
      75  0.730603      0.471423      0.357980    
      76  0.808661      0.609160      0.326399    
      77  0.821453      0.668505      0.311417    
      78  0.729064      0.802281      0.303915    
      79  0.807664      0.847679      0.258014    
      80  0.817095       1.05124      0.121057    
      81  0.842457      0.380499E-01  0.177826    
      82  0.868405      0.902048E-01  0.197473    
      83  0.836692      0.208309      0.269206    
      84  0.941846      0.331849      0.252742    
      85  0.847812      0.433563      0.315314    
      86  0.859958      0.591014      0.307632    
      87  0.917570      0.630738      0.273735    
      88  0.859633      0.814484      0.249592    
      89  0.927987      0.904231      0.165994    
      90  0.851281      0.969603      0.167981    
      91   1.04498     -0.120900E-01 -0.194982E-01
      92  0.967063      0.133411      0.161505    
      93  0.985788      0.269584      0.207843    
      94  0.967631      0.379528      0.246278    
      95   1.01293      0.439605      0.223449    
      96  0.965704      0.504443      0.257115    
      97   1.00199      0.694152      0.207417    
      98   1.03593      0.745992      0.165125    
      99   1.04147      0.868208      0.101131    
     100  0.947151      0.980141      0.997037E-01
 
  Setting R0 =   0.108908    

  L2 interpolation error averaged per interpolant node =   0.721545E-14

RBF_INTERP_2D_TEST01:
  Interpolate data from TEST_INTERP_2D problem #     6
  using grid #     1
  using radial basis function "phi2".
  Number of data points =    100
 
  Setting R0 =   0.108908    

  L2 interpolation error averaged per interpolant node =   0.125206E-15

RBF_INTERP_2D_TEST01:
  Interpolate data from TEST_INTERP_2D problem #     6
  using grid #     1
  using radial basis function "phi3".
  Number of data points =    100
 
  Setting R0 =   0.108908    

  L2 interpolation error averaged per interpolant node =   0.106823E-13

RBF_INTERP_2D_TEST01:
  Interpolate data from TEST_INTERP_2D problem #     6
  using grid #     1
  using radial basis function "phi4".
  Number of data points =    100
 
  Setting R0 =   0.108908    

  L2 interpolation error averaged per interpolant node =   0.574340E-15

RBF_INTERP_2D_TEST01:
  Interpolate data from TEST_INTERP_2D problem #     7
  using grid #     1
  using radial basis function "phi1".
  Number of data points =    100
 
  X, Y, Z data:
 
       1  0.227035E-01 -0.310206E-01 -0.601885    
       2  0.539888E-01  0.158674       1.80088    
       3  0.217008E-01  0.257692       1.10106    
       4  0.175129E-01  0.341401     -0.470144    
       5  0.190290E-02  0.494360      -1.93702    
       6 -0.509685E-01  0.578285      -1.12798    
       7  0.395408E-01  0.699342       1.47642    
       8 -0.487061E-01  0.747019       1.28298    
       9  0.315828E-01  0.910765      0.876528    
      10 -0.418785E-01  0.996289      -1.34168    
      11  0.132419      0.501330E-01  0.300977    
      12  0.109027      0.918555E-01  0.834696    
      13  0.125444      0.259297      0.644058    
      14  0.934540E-01  0.338159      0.283097E-01
      15  0.767578E-01  0.417112     -0.918744    
      16  0.145187      0.561556      0.581030    
      17  0.626494E-01  0.655223      0.829730    
      18  0.145273      0.752407       1.11090    
      19  0.958668E-01  0.914652       1.08439    
      20  0.695559E-01  0.963242      0.304452    
      21  0.264560      0.292939E-01 -0.430518    
      22  0.239165      0.602303E-01 -0.685553    
      23  0.208899      0.266878      0.779521E-01
      24  0.276733      0.369604       1.83364    
      25  0.171473      0.480174       1.01916    
      26  0.226678      0.594060       1.40573    
      27  0.190921      0.687880      0.594526    
      28  0.186765      0.818558      0.445966    
      29  0.230463      0.904651      0.376062    
      30  0.242622      0.980541       1.25166    
      31  0.366317      0.396955E-01 -0.525513    
      32  0.385766      0.684484E-01 -0.692970    
      33  0.383239      0.238955     -0.260001    
      34  0.317909      0.312413      0.802870    
      35  0.346632      0.490299       2.85287    
      36  0.377659      0.519930       2.34687    
      37  0.387316      0.644523      0.361295    
      38  0.381292      0.820379      -1.45760    
      39  0.379536      0.893808     -0.990648    
      40  0.280351      0.971172      0.940752    
      41  0.414977     -0.284618E-01  0.181714    
      42  0.427768      0.156097     -0.223048    
      43  0.420001      0.226247      0.583915E-01
      44  0.466363      0.317509      0.999213    
      45  0.485566      0.389142      0.755019    
      46  0.409203      0.508495       1.95566    
      47  0.479258      0.632425      0.116999    
      48  0.481228      0.751101     -0.267650    
      49  0.397776      0.848971      -1.31196    
      50  0.402732      0.997873     -0.103236    
      51  0.584869     -0.271948E-01 -0.645684    
      52  0.573008      0.127243       2.29281    
      53  0.606389      0.270927       1.81530    
      54  0.501389      0.347773      0.789192    
      55  0.574131      0.425942     -0.899436    
      56  0.610695      0.608471     -0.931498    
      57  0.599011      0.673378      0.555258E-01
      58  0.538062      0.723524      0.326789    
      59  0.609697      0.924241     -0.247243    
      60  0.502619       1.03088      -1.36940    
      61  0.661693      0.255959E-01  0.646966    
      62  0.642784      0.707835E-01   1.72625    
      63  0.639647      0.200834       2.75931    
      64  0.670396      0.325984      0.601641    
      65  0.700118      0.489070      -1.76110    
      66  0.633359      0.509632      -1.93814    
      67  0.690895      0.669788     -0.343270    
      68  0.689564      0.775957      0.826100    
      69  0.671889      0.936610      0.116128    
      70  0.683767       1.00645     -0.451588    
      71  0.773694      0.285374E-01  0.284751    
      72  0.763533      0.102140       1.07317    
      73  0.741042      0.193658       1.79233    
      74  0.825898      0.323577      0.526258    
      75  0.730603      0.471423      -1.33991    
      76  0.808661      0.609160     -0.889467    
      77  0.821453      0.668505     -0.987546    
      78  0.729064      0.802281      0.632300    
      79  0.807664      0.847679      0.175179    
      80  0.817095       1.05124       1.29342    
      81  0.842457      0.380499E-01 -0.860977E-01
      82  0.868405      0.902048E-01 -0.452383    
      83  0.836692      0.208309      0.129743    
      84  0.941846      0.331849      0.368032    
      85  0.847812      0.433563      0.577663    
      86  0.859958      0.591014     -0.437796    
      87  0.917570      0.630738     -0.522563    
      88  0.859633      0.814484     -0.637077    
      89  0.927987      0.904231      0.120563    
      90  0.851281      0.969603       1.24909    
      91   1.04498     -0.120900E-01 -0.798520E-03
      92  0.967063      0.133411     -0.924896    
      93  0.985788      0.269584     -0.317274    
      94  0.967631      0.379528      0.671706    
      95   1.01293      0.439605      0.481714    
      96  0.965704      0.504443      0.852610    
      97   1.00199      0.694152     -0.390625    
      98   1.03593      0.745992     -0.105260    
      99   1.04147      0.868208     -0.368847    
     100  0.947151      0.980141      0.875674    
 
  Setting R0 =   0.108908    

  L2 interpolation error averaged per interpolant node =   0.398975E-13

RBF_INTERP_2D_TEST01:
  Interpolate data from TEST_INTERP_2D problem #     7
  using grid #     1
  using radial basis function "phi2".
  Number of data points =    100
 
  Setting R0 =   0.108908    

  L2 interpolation error averaged per interpolant node =   0.267910E-14

RBF_INTERP_2D_TEST01:
  Interpolate data from TEST_INTERP_2D problem #     7
  using grid #     1
  using radial basis function "phi3".
  Number of data points =    100
 
  Setting R0 =   0.108908    

  L2 interpolation error averaged per interpolant node =   0.251215E-13

RBF_INTERP_2D_TEST01:
  Interpolate data from TEST_INTERP_2D problem #     7
  using grid #     1
  using radial basis function "phi4".
  Number of data points =    100
 
  Setting R0 =   0.108908    

  L2 interpolation error averaged per interpolant node =   0.245819E-14

RBF_INTERP_2D_TEST01:
  Interpolate data from TEST_INTERP_2D problem #     8
  using grid #     1
  using radial basis function "phi1".
  Number of data points =    100
 
  X, Y, Z data:
 
       1  0.227035E-01 -0.310206E-01  0.118660E-04
       2  0.539888E-01  0.158674      0.226225E-02
       3  0.217008E-01  0.257692      0.398334E-01
       4  0.175129E-01  0.341401      0.213246    
       5  0.190290E-02  0.494360      0.748815    
       6 -0.509685E-01  0.578285      0.552053    
       7  0.395408E-01  0.699342      0.102872    
       8 -0.487061E-01  0.747019      0.354865E-01
       9  0.315828E-01  0.910765      0.179824E-03
      10 -0.418785E-01  0.996289      0.378310E-05
      11  0.132419      0.501330E-01  0.119438E-02
      12  0.109027      0.918555E-01  0.660522E-03
      13  0.125444      0.259297      0.423318E-01
      14  0.934540E-01  0.338159      0.202751    
      15  0.767578E-01  0.417112      0.532151    
      16  0.145187      0.561556      0.623547    
      17  0.626494E-01  0.655223      0.224919    
      18  0.145273      0.752407      0.329289E-01
      19  0.958668E-01  0.914652      0.422658E-03
      20  0.695559E-01  0.963242      0.111181E-03
      21  0.264560      0.292939E-01  0.625744E-01
      22  0.239165      0.602303E-01  0.333636E-01
      23  0.208899      0.266878      0.647073E-01
      24  0.276733      0.369604      0.429733    
      25  0.171473      0.480174      0.743269    
      26  0.226678      0.594060      0.517258    
      27  0.190921      0.687880      0.137905    
      28  0.186765      0.818558      0.121314E-01
      29  0.230463      0.904651      0.266642E-01
      30  0.242622      0.980541      0.364444E-01
      31  0.366317      0.396955E-01  0.409223    
      32  0.385766      0.684484E-01  0.520862    
      33  0.383239      0.238955      0.543198    
      34  0.317909      0.312413      0.344252    
      35  0.346632      0.490299       1.28524    
      36  0.377659      0.519930       1.55627    
      37  0.387316      0.644523      0.933828    
      38  0.381292      0.820379      0.500931    
      39  0.379536      0.893808      0.484524    
      40  0.280351      0.971172      0.896237E-01
      41  0.414977     -0.284618E-01  0.696670    
      42  0.427768      0.156097      0.773967    
      43  0.420001      0.226247      0.756692    
      44  0.466363      0.317509       1.22094    
      45  0.485566      0.389142       1.79682    
      46  0.409203      0.508495       1.90434    
      47  0.479258      0.632425       1.59624    
      48  0.481228      0.751101       1.04609    
      49  0.397776      0.848971      0.595753    
      50  0.402732      0.997873      0.623103    
      51  0.584869     -0.271948E-01  0.697581    
      52  0.573008      0.127243      0.767325    
      53  0.606389      0.270927      0.653118    
      54  0.501389      0.347773       1.47074    
      55  0.574131      0.425942       1.76301    
      56  0.610695      0.608471       1.18403    
      57  0.599011      0.673378      0.881577    
      58  0.538062      0.723524       1.04917    
      59  0.609697      0.924241      0.548040    
      60  0.502619       1.03088      0.999658    
      61  0.661693      0.255959E-01  0.270581    
      62  0.642784      0.707835E-01  0.360929    
      63  0.639647      0.200834      0.388930    
      64  0.670396      0.325984      0.437809    
      65  0.700118      0.489070      0.981208    
      66  0.633359      0.509632       1.46430    
      67  0.690895      0.669788      0.367836    
      68  0.689564      0.775957      0.185254    
      69  0.671889      0.936610      0.228322    
      70  0.683767       1.00645      0.184794    
      71  0.773694      0.285374E-01  0.236372E-01
      72  0.763533      0.102140      0.313223E-01
      73  0.741042      0.193658      0.619956E-01
      74  0.825898      0.323577      0.163916    
      75  0.730603      0.471423      0.840435    
      76  0.808661      0.609160      0.425408    
      77  0.821453      0.668505      0.188078    
      78  0.729064      0.802281      0.808904E-01
      79  0.807664      0.847679      0.105959E-01
      80  0.817095       1.05124      0.655560E-02
      81  0.842457      0.380499E-01  0.285777E-02
      82  0.868405      0.902048E-01  0.129875E-02
      83  0.836692      0.208309      0.141449E-01
      84  0.941846      0.331849      0.182493    
      85  0.847812      0.433563      0.605254    
      86  0.859958      0.591014      0.497961    
      87  0.917570      0.630738      0.319298    
      88  0.859633      0.814484      0.690163E-02
      89  0.927987      0.904231      0.317562E-03
      90  0.851281      0.969603      0.210367E-02
      91   1.04498     -0.120900E-01  0.187123E-05
      92  0.967063      0.133411      0.923821E-03
      93  0.985788      0.269584      0.527548E-01
      94  0.967631      0.379528      0.363023    
      95   1.01293      0.439605      0.624970    
      96  0.965704      0.504443      0.749294    
      97   1.00199      0.694152      0.113904    
      98   1.03593      0.745992      0.363967E-01
      99   1.04147      0.868208      0.853608E-03
     100  0.947151      0.980141      0.529253E-04
 
  Setting R0 =   0.108908    

  L2 interpolation error averaged per interpolant node =   0.161086E-13

RBF_INTERP_2D_TEST01:
  Interpolate data from TEST_INTERP_2D problem #     8
  using grid #     1
  using radial basis function "phi2".
  Number of data points =    100
 
  Setting R0 =   0.108908    

  L2 interpolation error averaged per interpolant node =   0.486010E-15

RBF_INTERP_2D_TEST01:
  Interpolate data from TEST_INTERP_2D problem #     8
  using grid #     1
  using radial basis function "phi3".
  Number of data points =    100
 
  Setting R0 =   0.108908    

  L2 interpolation error averaged per interpolant node =   0.216158E-13

RBF_INTERP_2D_TEST01:
  Interpolate data from TEST_INTERP_2D problem #     8
  using grid #     1
  using radial basis function "phi4".
  Number of data points =    100
 
  Setting R0 =   0.108908    

  L2 interpolation error averaged per interpolant node =   0.370612E-14

RBF_INTERP_2D_TEST01:
  Interpolate data from TEST_INTERP_2D problem #     9
  using grid #     1
  using radial basis function "phi1".
  Number of data points =    100
 
  X, Y, Z data:
 
       1  0.227035E-01 -0.310206E-01  0.895670E-01
       2  0.539888E-01  0.158674       1.13002    
       3  0.217008E-01  0.257692       1.81208    
       4  0.175129E-01  0.341401       2.57811    
       5  0.190290E-02  0.494360      0.167525    
       6 -0.509685E-01  0.578285      -1.13189    
       7  0.395408E-01  0.699342      -4.28423    
       8 -0.487061E-01  0.747019      -1.17166    
       9  0.315828E-01  0.910765     -0.758223    
      10 -0.418785E-01  0.996289     -0.118181    
      11  0.132419      0.501330E-01  0.825381    
      12  0.109027      0.918555E-01   1.03541    
      13  0.125444      0.259297       5.96493    
      14  0.934540E-01  0.338159       6.18039    
      15  0.767578E-01  0.417112       4.57424    
      16  0.145187      0.561556      -9.05792    
      17  0.626494E-01  0.655223      -6.08613    
      18  0.145273      0.752407      -10.7598    
      19  0.958668E-01  0.914652      -1.52555    
      20  0.695559E-01  0.963242     -0.661361    
      21  0.264560      0.292939E-01   2.07879    
      22  0.239165      0.602303E-01   2.49163    
      23  0.208899      0.266878       14.1544    
      24  0.276733      0.369604       34.0403    
      25  0.171473      0.480174       3.79207    
      26  0.226678      0.594060      -26.7621    
      27  0.190921      0.687880      -22.4172    
      28  0.186765      0.818558      -9.90627    
      29  0.230463      0.904651      -6.31895    
      30  0.242622      0.980541      -2.98493    
      31  0.366317      0.396955E-01   3.45732    
      32  0.385766      0.684484E-01   4.74472    
      33  0.383239      0.238955       25.8661    
      34  0.317909      0.312413       37.0296    
      35  0.346632      0.490299       5.92032    
      36  0.377659      0.519930      -12.6344    
      37  0.387316      0.644523      -60.8626    
      38  0.381292      0.820379      -26.6259    
      39  0.379536      0.893808      -13.2576    
      40  0.280351      0.971172      -4.29402    
      41  0.414977     -0.284618E-01   1.32330    
      42  0.427768      0.156097       9.88110    
      43  0.420001      0.226247       20.0041    
      44  0.466363      0.317509       17.8897    
      45  0.485566      0.389142       8.67615    
      46  0.409203      0.508495      -4.87008    
      47  0.479258      0.632425      -16.6827    
      48  0.481228      0.751101      -11.1345    
      49  0.397776      0.848971      -19.7617    
      50  0.402732      0.997873      -3.89916    
      51  0.584869     -0.271948E-01  -1.61452    
      52  0.573008      0.127243      -8.66251    
      53  0.606389      0.270927      -39.7151    
      54  0.501389      0.347773     -0.862236    
      55  0.574131      0.425942      -35.2857    
      56  0.610695      0.608471       69.8391    
      57  0.599011      0.673378       71.2410    
      58  0.538062      0.723524       27.1059    
      59  0.609697      0.924241       11.8847    
      60  0.502619       1.03088      0.100787    
      61  0.661693      0.255959E-01  -3.92661    
      62  0.642784      0.707835E-01  -6.65295    
      63  0.639647      0.200834      -25.5048    
      64  0.670396      0.325984      -57.3471    
      65  0.700118      0.489070      -8.39903    
      66  0.633359      0.509632       8.09909    
      67  0.690895      0.669788       78.5894    
      68  0.689564      0.775957       48.7954    
      69  0.671889      0.936610       11.2131    
      70  0.683767       1.00645       4.90763    
      71  0.773694      0.285374E-01  -2.53501    
      72  0.763533      0.102140      -6.33130    
      73  0.741042      0.193658      -18.4047    
      74  0.825898      0.323577      -23.6706    
      75  0.730603      0.471423      -18.5676    
      76  0.808661      0.609160       36.3864    
      77  0.821453      0.668505       35.5524    
      78  0.729064      0.802281       34.2681    
      79  0.807664      0.847679       13.6091    
      80  0.817095       1.05124       1.31503    
      81  0.842457      0.380499E-01  -1.61802    
      82  0.868405      0.902048E-01  -2.30510    
      83  0.836692      0.208309      -10.2552    
      84  0.941846      0.331849      -7.55198    
      85  0.847812      0.433563      -15.7397    
      86  0.859958      0.591014       20.6326    
      87  0.917570      0.630738       13.6878    
      88  0.859633      0.814484       11.4824    
      89  0.927987      0.904231       2.40259    
      90  0.851281      0.969603       2.55827    
      91   1.04498     -0.120900E-01 -0.951198E-01
      92  0.967063      0.133411      -1.27882    
      93  0.985788      0.269584      -3.39113    
      94  0.967631      0.379528      -5.90657    
      95   1.01293      0.439605      -2.44520    
      96  0.965704      0.504443      0.369476    
      97   1.00199      0.694152       5.03281    
      98   1.03593      0.745992       2.65337    
      99   1.04147      0.868208      0.926524    
     100  0.947151      0.980141      0.835446    
 
  Setting R0 =   0.108908    

  L2 interpolation error averaged per interpolant node =   0.903063E-12

RBF_INTERP_2D_TEST01:
  Interpolate data from TEST_INTERP_2D problem #     9
  using grid #     1
  using radial basis function "phi2".
  Number of data points =    100
 
  Setting R0 =   0.108908    

  L2 interpolation error averaged per interpolant node =   0.110999E-13

RBF_INTERP_2D_TEST01:
  Interpolate data from TEST_INTERP_2D problem #     9
  using grid #     1
  using radial basis function "phi3".
  Number of data points =    100
 
  Setting R0 =   0.108908    

  L2 interpolation error averaged per interpolant node =   0.376608E-12

RBF_INTERP_2D_TEST01:
  Interpolate data from TEST_INTERP_2D problem #     9
  using grid #     1
  using radial basis function "phi4".
  Number of data points =    100
 
  Setting R0 =   0.108908    

  L2 interpolation error averaged per interpolant node =   0.860269E-13

RBF_INTERP_2D_TEST01:
  Interpolate data from TEST_INTERP_2D problem #    10
  using grid #     1
  using radial basis function "phi1".
  Number of data points =    100
 
  X, Y, Z data:
 
       1  0.227035E-01 -0.310206E-01 -0.838940E-01
       2  0.539888E-01  0.158674      0.108199    
       3  0.217008E-01  0.257692      0.162867    
       4  0.175129E-01  0.341401      0.191623    
       5  0.190290E-02  0.494360      0.193697    
       6 -0.509685E-01  0.578285      0.153657    
       7  0.395408E-01  0.699342      0.192363    
       8 -0.487061E-01  0.747019      0.636697E-01
       9  0.315828E-01  0.910765     -0.511168E-02
      10 -0.418785E-01  0.996289     -0.826080E-01
      11  0.132419      0.501330E-01  0.460714E-01
      12  0.109027      0.918555E-01  0.840177E-01
      13  0.125444      0.259297      0.168745    
      14  0.934540E-01  0.338159      0.142224    
      15  0.767578E-01  0.417112      0.117221    
      16  0.145187      0.561556     -0.114981    
      17  0.626494E-01  0.655223      0.178772    
      18  0.145273      0.752407      0.157566    
      19  0.958668E-01  0.914652      0.600585E-01
      20  0.695559E-01  0.963242     -0.292419E-01
      21  0.264560      0.292939E-01  0.122587    
      22  0.239165      0.602303E-01  0.151923    
      23  0.208899      0.266878     -0.301865E-02
      24  0.276733      0.369604     -0.424462    
      25  0.171473      0.480174     -0.240436    
      26  0.226678      0.594060     -0.364179    
      27  0.190921      0.687880     -0.655879E-01
      28  0.186765      0.818558      0.183384    
      29  0.230463      0.904651      0.183586    
      30  0.242622      0.980541      0.912883E-01
      31  0.366317      0.396955E-01  0.178974    
      32  0.385766      0.684484E-01  0.193761    
      33  0.383239      0.238955     -0.289384    
      34  0.317909      0.312413     -0.401420    
      35  0.346632      0.490299     -0.165593    
      36  0.377659      0.519930      0.525059E-01
      37  0.387316      0.644523     -0.382027    
      38  0.381292      0.820379     -0.469313E-01
      39  0.379536      0.893808      0.164599    
      40  0.280351      0.971172      0.131402    
      41  0.414977     -0.284618E-01  0.882322E-01
      42  0.427768      0.156097      0.298824E-02
      43  0.420001      0.226247     -0.281633    
      44  0.466363      0.317509     -0.410620    
      45  0.485566      0.389142      0.429425E-01
      46  0.409203      0.508495      0.341611    
      47  0.479258      0.632425     -0.143396    
      48  0.481228      0.751101     -0.391010    
      49  0.397776      0.848971      0.423675E-01
      50  0.402732      0.997873      0.139195    
      51  0.584869     -0.271948E-01  0.906411E-01
      52  0.573008      0.127243      0.986808E-01
      53  0.606389      0.270927     -0.401263    
      54  0.501389      0.347773     -0.269169    
      55  0.574131      0.425942      0.161292    
      56  0.610695      0.608471     -0.233264    
      57  0.599011      0.673378     -0.431771    
      58  0.538062      0.723524     -0.441368    
      59  0.609697      0.924241      0.191640    
      60  0.502619       1.03088      0.938152E-01
      61  0.661693      0.255959E-01  0.154049    
      62  0.642784      0.707835E-01  0.193867    
      63  0.639647      0.200834     -0.103852    
      64  0.670396      0.325984     -0.435662    
      65  0.700118      0.489070     -0.390314    
      66  0.633359      0.509632     -0.226661E-01
      67  0.690895      0.669788     -0.419344    
      68  0.689564      0.775957     -0.106296    
      69  0.671889      0.936610      0.189002    
      70  0.683767       1.00645      0.914379E-01
      71  0.773694      0.285374E-01  0.944727E-01
      72  0.763533      0.102140      0.189497    
      73  0.741042      0.193658      0.854371E-01
      74  0.825898      0.323577     -0.392400E-01
      75  0.730603      0.471423     -0.446313    
      76  0.808661      0.609160     -0.229330    
      77  0.821453      0.668505     -0.702882E-01
      78  0.729064      0.802281      0.555600E-01
      79  0.807664      0.847679      0.193637    
      80  0.817095       1.05124     -0.520019E-01
      81  0.842457      0.380499E-01  0.513052E-01
      82  0.868405      0.902048E-01  0.105585    
      83  0.836692      0.208309      0.177993    
      84  0.941846      0.331849      0.186884    
      85  0.847812      0.433563     -0.137415    
      86  0.859958      0.591014     -0.663429E-01
      87  0.917570      0.630738      0.136975    
      88  0.859633      0.814484      0.193807    
      89  0.927987      0.904231      0.477769E-01
      90  0.851281      0.969603      0.313167E-01
      91   1.04498     -0.120900E-01 -0.787168E-01
      92  0.967063      0.133411      0.501269E-01
      93  0.985788      0.269584      0.162754    
      94  0.967631      0.379528      0.190440    
      95   1.01293      0.439605      0.190430    
      96  0.965704      0.504443      0.173124    
      97   1.00199      0.694152      0.166403    
      98   1.03593      0.745992      0.838547E-01
      99   1.04147      0.868208     -0.362482E-01
     100  0.947151      0.980141     -0.563916E-01
 
  Setting R0 =   0.108908    

  L2 interpolation error averaged per interpolant node =   0.556366E-14

RBF_INTERP_2D_TEST01:
  Interpolate data from TEST_INTERP_2D problem #    10
  using grid #     1
  using radial basis function "phi2".
  Number of data points =    100
 
  Setting R0 =   0.108908    

  L2 interpolation error averaged per interpolant node =   0.137949E-15

RBF_INTERP_2D_TEST01:
  Interpolate data from TEST_INTERP_2D problem #    10
  using grid #     1
  using radial basis function "phi3".
  Number of data points =    100
 
  Setting R0 =   0.108908    

  L2 interpolation error averaged per interpolant node =   0.876424E-14

RBF_INTERP_2D_TEST01:
  Interpolate data from TEST_INTERP_2D problem #    10
  using grid #     1
  using radial basis function "phi4".
  Number of data points =    100
 
  Setting R0 =   0.108908    

  L2 interpolation error averaged per interpolant node =   0.830285E-15

RBF_INTERP_2D_TEST01:
  Interpolate data from TEST_INTERP_2D problem #    11
  using grid #     1
  using radial basis function "phi1".
  Number of data points =    100
 
  X, Y, Z data:
 
       1  0.227035E-01 -0.310206E-01  0.219992E-01
       2  0.539888E-01  0.158674      0.625554E-01
       3  0.217008E-01  0.257692      0.272929E-01
       4  0.175129E-01  0.341401      0.234918E-01
       5  0.190290E-02  0.494360      0.284362E-02
       6 -0.509685E-01  0.578285     -0.804428E-01
       7  0.395408E-01  0.699342      0.671933E-01
       8 -0.487061E-01  0.747019     -0.850905E-01
       9  0.315828E-01  0.910765      0.603473E-01
      10 -0.418785E-01  0.996289     -0.836016E-01
      11  0.132419      0.501330E-01  0.139057    
      12  0.109027      0.918555E-01  0.119042    
      13  0.125444      0.259297      0.157971    
      14  0.934540E-01  0.338159      0.125056    
      15  0.767578E-01  0.417112      0.108774    
      16  0.145187      0.561556      0.226718    
      17  0.626494E-01  0.655223      0.103699    
      18  0.145273      0.752407      0.254578    
      19  0.958668E-01  0.914652      0.183552    
      20  0.695559E-01  0.963242      0.136555    
      21  0.264560      0.292939E-01  0.272310    
      22  0.239165      0.602303E-01  0.253569    
      23  0.208899      0.266878      0.264650    
      24  0.276733      0.369604      0.379015    
      25  0.171473      0.480174      0.253809    
      26  0.226678      0.594060      0.361338    
      27  0.190921      0.687880      0.322252    
      28  0.186765      0.818558      0.339642    
      29  0.230463      0.904651      0.438952    
      30  0.242622      0.980541      0.480523    
      31  0.366317      0.396955E-01  0.380858    
      32  0.385766      0.684484E-01  0.412171    
      33  0.383239      0.238955      0.474816    
      34  0.317909      0.312413      0.417227    
      35  0.346632      0.490299      0.516585    
      36  0.377659      0.519930      0.574016    
      37  0.387316      0.644523      0.636950    
      38  0.381292      0.820379      0.694095    
      39  0.379536      0.893808      0.718769    
      40  0.280351      0.971172      0.552621    
      41  0.414977     -0.284618E-01  0.403166    
      42  0.427768      0.156097      0.494541    
      43  0.420001      0.226247      0.515025    
      44  0.466363      0.317509      0.614438    
      45  0.485566      0.389142      0.674520    
      46  0.409203      0.508495      0.617280    
      47  0.479258      0.632425      0.782352    
      48  0.481228      0.751101      0.842679    
      49  0.397776      0.848971      0.735477    
      50  0.402732      0.997873      0.804608    
      51  0.584869     -0.271948E-01  0.568964    
      52  0.573008      0.127243      0.645919    
      53  0.606389      0.270927      0.770676    
      54  0.501389      0.347773      0.675759    
      55  0.574131      0.425942      0.818678    
      56  0.610695      0.608471      0.982286    
      57  0.599011      0.673378       1.00237    
      58  0.538062      0.723524      0.927363    
      59  0.609697      0.924241       1.17320    
      60  0.502619       1.03088       1.02076    
      61  0.661693      0.255959E-01  0.678629    
      62  0.642784      0.707835E-01  0.688282    
      63  0.639647      0.200834      0.768110    
      64  0.670396      0.325984      0.888935    
      65  0.700118      0.489070       1.04253    
      66  0.633359      0.509632      0.956139    
      67  0.690895      0.669788       1.15365    
      68  0.689564      0.775957       1.22464    
      69  0.671889      0.936610       1.30119    
      70  0.683767       1.00645       1.37195    
      71  0.773694      0.285374E-01  0.795773    
      72  0.763533      0.102140      0.841521    
      73  0.741042      0.193658      0.884551    
      74  0.825898      0.323577       1.09314    
      75  0.730603      0.471423       1.07503    
      76  0.808661      0.609160       1.30126    
      77  0.821453      0.668505       1.37060    
      78  0.729064      0.802281       1.31398    
      79  0.807664      0.847679       1.49230    
      80  0.817095       1.05124       1.67606    
      81  0.842457      0.380499E-01  0.874513    
      82  0.868405      0.902048E-01  0.946740    
      83  0.836692      0.208309       1.01098    
      84  0.941846      0.331849       1.25440    
      85  0.847812      0.433563       1.21539    
      86  0.859958      0.591014       1.36821    
      87  0.917570      0.630738       1.49632    
      88  0.859633      0.814484       1.55979    
      89  0.927987      0.904231       1.76710    
      90  0.851281      0.969603       1.67668    
      91   1.04498     -0.120900E-01   1.03235    
      92  0.967063      0.133411       1.09608    
      93  0.985788      0.269584       1.25154    
      94  0.967631      0.379528       1.33487    
      95   1.01293      0.439605       1.45822    
      96  0.965704      0.504443       1.45285    
      97   1.00199      0.694152       1.69752    
      98   1.03593      0.745992       1.80873    
      99   1.04147      0.868208       1.94568    
     100  0.947151      0.980141       1.87549    
 
  Setting R0 =   0.108908    

  L2 interpolation error averaged per interpolant node =   0.100673E-13

RBF_INTERP_2D_TEST01:
  Interpolate data from TEST_INTERP_2D problem #    11
  using grid #     1
  using radial basis function "phi2".
  Number of data points =    100
 
  Setting R0 =   0.108908    

  L2 interpolation error averaged per interpolant node =   0.103043E-14

RBF_INTERP_2D_TEST01:
  Interpolate data from TEST_INTERP_2D problem #    11
  using grid #     1
  using radial basis function "phi3".
  Number of data points =    100
 
  Setting R0 =   0.108908    

  L2 interpolation error averaged per interpolant node =   0.352663E-13

RBF_INTERP_2D_TEST01:
  Interpolate data from TEST_INTERP_2D problem #    11
  using grid #     1
  using radial basis function "phi4".
  Number of data points =    100
 
  Setting R0 =   0.108908    

  L2 interpolation error averaged per interpolant node =   0.130368E-14

RBF_INTERP_2D_TEST01:
  Interpolate data from TEST_INTERP_2D problem #    12
  using grid #     1
  using radial basis function "phi1".
  Number of data points =    100
 
  X, Y, Z data:
 
       1  0.227035E-01 -0.310206E-01 -0.143695    
       2  0.539888E-01  0.158674      0.609662    
       3  0.217008E-01  0.257692      0.772155    
       4  0.175129E-01  0.341401      0.844492    
       5  0.190290E-02  0.494360      0.757182    
       6 -0.509685E-01  0.578285      0.600944    
       7  0.395408E-01  0.699342      0.504476    
       8 -0.487061E-01  0.747019      0.428162    
       9  0.315828E-01  0.910765      0.522820    
      10 -0.418785E-01  0.996289      0.661199    
      11  0.132419      0.501330E-01  0.240101    
      12  0.109027      0.918555E-01  0.420690    
      13  0.125444      0.259297      0.864632    
      14  0.934540E-01  0.338159      0.915891    
      15  0.767578E-01  0.417112      0.888681    
      16  0.145187      0.561556      0.714562    
      17  0.626494E-01  0.655223      0.565268    
      18  0.145273      0.752407      0.482112    
      19  0.958668E-01  0.914652      0.555332    
      20  0.695559E-01  0.963242      0.635013    
      21  0.264560      0.292939E-01  0.119780    
      22  0.239165      0.602303E-01  0.253417    
      23  0.208899      0.266878      0.847516    
      24  0.276733      0.369604      0.826148    
      25  0.171473      0.480174      0.827202    
      26  0.226678      0.594060      0.633955    
      27  0.190921      0.687880      0.529145    
      28  0.186765      0.818558      0.489084    
      29  0.230463      0.904651      0.606935    
      30  0.242622      0.980541      0.791880    
      31  0.366317      0.396955E-01  0.129655    
      32  0.385766      0.684484E-01  0.209626    
      33  0.383239      0.238955      0.592386    
      34  0.317909      0.312413      0.760762    
      35  0.346632      0.490299      0.652301    
      36  0.377659      0.519930      0.586945    
      37  0.387316      0.644523      0.488481    
      38  0.381292      0.820379      0.561298    
      39  0.379536      0.893808      0.695045    
      40  0.280351      0.971172      0.799209    
      41  0.414977     -0.284618E-01 -0.816232E-01
      42  0.427768      0.156097      0.391091    
      43  0.420001      0.226247      0.520065    
      44  0.466363      0.317509      0.523774    
      45  0.485566      0.389142      0.503973    
      46  0.409203      0.508495      0.558634    
      47  0.479258      0.632425      0.453712    
      48  0.481228      0.751101      0.526234    
      49  0.397776      0.848971      0.618376    
      50  0.402732      0.997873       1.01824    
      51  0.584869     -0.271948E-01 -0.430477E-01
      52  0.573008      0.127243      0.199204    
      53  0.606389      0.270927      0.307975    
      54  0.501389      0.347773      0.477820    
      55  0.574131      0.425942      0.392453    
      56  0.610695      0.608471      0.436802    
      57  0.599011      0.673378      0.497176    
      58  0.538062      0.723524      0.523492    
      59  0.609697      0.924241       1.08758    
      60  0.502619       1.03088       1.27910    
      61  0.661693      0.255959E-01  0.299231E-01
      62  0.642784      0.707835E-01  0.877888E-01
      63  0.639647      0.200834      0.225122    
      64  0.670396      0.325984      0.280919    
      65  0.700118      0.489070      0.360725    
      66  0.633359      0.509632      0.376101    
      67  0.690895      0.669788      0.568213    
      68  0.689564      0.775957      0.790702    
      69  0.671889      0.936610       1.23708    
      70  0.683767       1.00645       1.49432    
      71  0.773694      0.285374E-01  0.235366E-01
      72  0.763533      0.102140      0.847541E-01
      73  0.741042      0.193658      0.161331    
      74  0.825898      0.323577      0.251725    
      75  0.730603      0.471423      0.352480    
      76  0.808661      0.609160      0.601622    
      77  0.821453      0.668505      0.743867    
      78  0.729064      0.802281      0.925423    
      79  0.807664      0.847679       1.20181    
      80  0.817095       1.05124       1.83297    
      81  0.842457      0.380499E-01  0.292745E-01
      82  0.868405      0.902048E-01  0.702351E-01
      83  0.836692      0.208309      0.160067    
      84  0.941846      0.331849      0.327594    
      85  0.847812      0.433563      0.376027    
      86  0.859958      0.591014      0.638942    
      87  0.917570      0.630738      0.816525    
      88  0.859633      0.814484       1.19818    
      89  0.927987      0.904231       1.57088    
      90  0.851281      0.969603       1.64694    
      91   1.04498     -0.120900E-01 -0.137043E-01
      92  0.967063      0.133411      0.125654    
      93  0.985788      0.269584      0.284794    
      94  0.967631      0.379528      0.416879    
      95   1.01293      0.439605      0.569679    
      96  0.965704      0.504443      0.625308    
      97   1.00199      0.694152       1.11618    
      98   1.03593      0.745992       1.30106    
      99   1.04147      0.868208       1.61233    
     100  0.947151      0.980141       1.79089    
 
  Setting R0 =   0.108908    

  L2 interpolation error averaged per interpolant node =   0.705019E-14

RBF_INTERP_2D_TEST01:
  Interpolate data from TEST_INTERP_2D problem #    12
  using grid #     1
  using radial basis function "phi2".
  Number of data points =    100
 
  Setting R0 =   0.108908    

  L2 interpolation error averaged per interpolant node =   0.422058E-15

RBF_INTERP_2D_TEST01:
  Interpolate data from TEST_INTERP_2D problem #    12
  using grid #     1
  using radial basis function "phi3".
  Number of data points =    100
 
  Setting R0 =   0.108908    

  L2 interpolation error averaged per interpolant node =   0.384749E-13

RBF_INTERP_2D_TEST01:
  Interpolate data from TEST_INTERP_2D problem #    12
  using grid #     1
  using radial basis function "phi4".
  Number of data points =    100
 
  Setting R0 =   0.108908    

  L2 interpolation error averaged per interpolant node =   0.142266E-14

RBF_INTERP_2D_TEST01:
  Interpolate data from TEST_INTERP_2D problem #    13
  using grid #     1
  using radial basis function "phi1".
  Number of data points =    100
 
  X, Y, Z data:
 
       1  0.227035E-01 -0.310206E-01  0.192384E-01
       2  0.539888E-01  0.158674      0.307286E-01
       3  0.217008E-01  0.257692      0.336154E-01
       4  0.175129E-01  0.341401      0.373208E-01
       5  0.190290E-02  0.494360      0.387398E-01
       6 -0.509685E-01  0.578285      0.312798E-01
       7  0.395408E-01  0.699342      0.382030E-01
       8 -0.487061E-01  0.747019      0.268747E-01
       9  0.315828E-01  0.910765      0.251166E-01
      10 -0.418785E-01  0.996289      0.181840E-01
      11  0.132419      0.501330E-01  0.287773E-01
      12  0.109027      0.918555E-01  0.303544E-01
      13  0.125444      0.259297      0.480238E-01
      14  0.934540E-01  0.338159      0.496347E-01
      15  0.767578E-01  0.417112      0.510193E-01
      16  0.145187      0.561556      0.715916E-01
      17  0.626494E-01  0.655223      0.443715E-01
      18  0.145273      0.752407      0.501153E-01
      19  0.958668E-01  0.914652      0.289637E-01
      20  0.695559E-01  0.963242      0.243977E-01
      21  0.264560      0.292939E-01  0.348437E-01
      22  0.239165      0.602303E-01  0.368416E-01
      23  0.208899      0.266878      0.670756E-01
      24  0.276733      0.369604      0.130122    
      25  0.171473      0.480174      0.845142E-01
      26  0.226678      0.594060      0.106892    
      27  0.190921      0.687880      0.710084E-01
      28  0.186765      0.818558      0.477110E-01
      29  0.230463      0.904651      0.405857E-01
      30  0.242622      0.980541      0.325560E-01
      31  0.366317      0.396955E-01  0.417099E-01
      32  0.385766      0.684484E-01  0.477815E-01
      33  0.383239      0.238955      0.108959    
      34  0.317909      0.312413      0.127639    
      35  0.346632      0.490299      0.297479    
      36  0.377659      0.519930      0.394252    
      37  0.387316      0.644523      0.229439    
      38  0.381292      0.820379      0.789052E-01
      39  0.379536      0.893808      0.556805E-01
      40  0.280351      0.971172      0.356826E-01
      41  0.414977     -0.284618E-01  0.337267E-01
      42  0.427768      0.156097      0.749136E-01
      43  0.420001      0.226247      0.109480    
      44  0.466363      0.317509      0.225052    
      45  0.485566      0.389142      0.444486    
      46  0.409203      0.508495      0.545961    
      47  0.479258      0.632425      0.357570    
      48  0.481228      0.751101      0.136232    
      49  0.397776      0.848971      0.703084E-01
      50  0.402732      0.997873      0.374058E-01
      51  0.584869     -0.271948E-01  0.338826E-01
      52  0.573008      0.127243      0.648181E-01
      53  0.606389      0.270927      0.135514    
      54  0.501389      0.347773      0.301431    
      55  0.574131      0.425942      0.476645    
      56  0.610695      0.608471      0.293949    
      57  0.599011      0.673378      0.200549    
      58  0.538062      0.723524      0.162835    
      59  0.609697      0.924241      0.495015E-01
      60  0.502619       1.03088      0.342658E-01
      61  0.661693      0.255959E-01  0.382843E-01
      62  0.642784      0.707835E-01  0.465953E-01
      63  0.639647      0.200834      0.840322E-01
      64  0.670396      0.325984      0.144266    
      65  0.700118      0.489070      0.199335    
      66  0.633359      0.509632      0.358713    
      67  0.690895      0.669788      0.132857    
      68  0.689564      0.775957      0.819090E-01
      69  0.671889      0.936610      0.434454E-01
      70  0.683767       1.00645      0.333041E-01
      71  0.773694      0.285374E-01  0.325536E-01
      72  0.763533      0.102140      0.420624E-01
      73  0.741042      0.193658      0.617487E-01
      74  0.825898      0.323577      0.678728E-01
      75  0.730603      0.471423      0.156263    
      76  0.808661      0.609160      0.853334E-01
      77  0.821453      0.668505      0.705586E-01
      78  0.729064      0.802281      0.650009E-01
      79  0.807664      0.847679      0.443384E-01
      80  0.817095       1.05124      0.241306E-01
      81  0.842457      0.380499E-01  0.293535E-01
      82  0.868405      0.902048E-01  0.318822E-01
      83  0.836692      0.208309      0.479742E-01
      84  0.941846      0.331849      0.428261E-01
      85  0.847812      0.433563      0.738622E-01
      86  0.859958      0.591014      0.676345E-01
      87  0.917570      0.630738      0.496383E-01
      88  0.859633      0.814484      0.419752E-01
      89  0.927987      0.904231      0.280445E-01
      90  0.851281      0.969603      0.282546E-01
      91   1.04498     -0.120900E-01  0.175672E-01
      92  0.967063      0.133411      0.275835E-01
      93  0.985788      0.269584      0.334357E-01
      94  0.967631      0.379528      0.411197E-01
      95   1.01293      0.439605      0.361344E-01
      96  0.965704      0.504443      0.440723E-01
      97   1.00199      0.694152      0.333684E-01
      98   1.03593      0.745992      0.279538E-01
      99   1.04147      0.868208      0.227913E-01
     100  0.947151      0.980141      0.227026E-01
 
  Setting R0 =   0.108908    

  L2 interpolation error averaged per interpolant node =   0.238818E-14

RBF_INTERP_2D_TEST01:
  Interpolate data from TEST_INTERP_2D problem #    13
  using grid #     1
  using radial basis function "phi2".
  Number of data points =    100
 
  Setting R0 =   0.108908    

  L2 interpolation error averaged per interpolant node =   0.666643E-16

RBF_INTERP_2D_TEST01:
  Interpolate data from TEST_INTERP_2D problem #    13
  using grid #     1
  using radial basis function "phi3".
  Number of data points =    100
 
  Setting R0 =   0.108908    

  L2 interpolation error averaged per interpolant node =   0.833941E-14

RBF_INTERP_2D_TEST01:
  Interpolate data from TEST_INTERP_2D problem #    13
  using grid #     1
  using radial basis function "phi4".
  Number of data points =    100
 
  Setting R0 =   0.108908    

  L2 interpolation error averaged per interpolant node =   0.560151E-15

RBF_INTERP_2D_TEST:
  Normal end of execution.

 5 October   2012   9:20:25.271 AM      
