 Matrix =============================================
    4.00        3.00       -7.00        7.00       -1.00    
   -7.00       -4.00        3.00        7.00        7.00    
   -7.00        0.00       -3.00        1.00        6.00    
 RHS =============================================
   -22.0       -6.00       -2.00        34.0        13.0    
 Bounds =============================================
    0.00        0.00        0.00    
 Solution =============================================
    1.54        3.01       0.140    
 MODE 3
 Residual  9.88606651
