EXP. 0121C
-.807 -.021 -2.379 -3.64 -10.541 -1.961 -51.551 21.053
-.074 -.733 0.013 -.034 -3.632 3.632 -.289 .289
EXP. 0121B
-.809 -.021 -2.04 -.614 -6.903 -2.934 -26.328 18.639
-.056 -.753 .026 -.047 -2.991 2.991 -.568 .568
EXP. 0121A
-.816 -.017 -1.826 -.754 -4.839 -3.259 -14.023 15.467
-.041 -.775 0.03 -.047 -2.565 2.565 -.754 .754
EXP. 791226
-.69 -.044 -1.57 -1.31 -2.65 2.0 -12.6 9.48
-.3 -.39 .3 -.344 -1.2 2.69 1.59 -1.5
EXP. 791129
.485 -.0019 -.0581 .015 .105 .0406 .167 -.399
.299 .186 -.0273 .0254 -.474 .474 -.0892 .0892
