 
PRIME_NUMBER_OPEN_MP
  FORTRAN77/OpenMP version
 
  Number of processors available =       16
  Number of threads =                     1
 
         N        Pi          Time
 
         1         0  0.255620E-04
         2         1  0.237487E-05
         4         2  0.195624E-05
         8         4  0.202609E-05
        16         6  0.230502E-05
        32        11  0.342214E-05
        64        18  0.621611E-05
       128        31  0.163428E-04
       256        54  0.490299E-04
       512        97  0.186130E-03
      1024       172  0.581997E-03
      2048       309  0.206371E-02
      4096       564  0.751715E-02
      8192      1028  0.272762E-01
     16384      1900  0.872091E-01
     32768      3512  0.248464    
     65536      6542  0.899972    
    131072     12251   3.32134    
 
         N        Pi          Time
 
         5         3  0.167591E-05
        50        15  0.335183E-05
       500        95  0.102598E-03
      5000       669  0.685001E-02
     50000      5133  0.527939    
    500000     41538   43.2832    
 
PRIME_NUMBER_OPEN_MP
  Normal end of execution.
 
PRIME_NUMBER_OPEN_MP
  FORTRAN77/OpenMP version
 
  Number of processors available =       16
  Number of threads =                     2
 
         N        Pi          Time
 
         1         0  0.466897E-03
         2         1  0.338741E-04
         4         2  0.318480E-04
         8         4  0.319183E-04
        16         6  0.320566E-04
        32        11  0.324068E-04
        64        18  0.378541E-04
       128        31  0.421153E-04
       256        54  0.672578E-04
       512        97  0.154142E-03
      1024       172  0.518231E-03
      2048       309  0.159164E-02
      4096       564  0.556721E-02
      8192      1028  0.198530E-01
     16384      1900  0.654250E-01
     32768      3512  0.177339    
     65536      6542  0.664624    
    131072     12251   2.43721    
 
         N        Pi          Time
 
         5         3  0.593662E-04
        50        15  0.365977E-04
       500        95  0.135075E-03
      5000       669  0.502119E-02
     50000      5133  0.386618    
    500000     41538   31.8959    
 
PRIME_NUMBER_OPEN_MP
  Normal end of execution.
 
PRIME_NUMBER_OPEN_MP
  FORTRAN77/OpenMP version
 
  Number of processors available =       16
  Number of threads =                     4
 
         N        Pi          Time
 
         1         0  0.321695E-03
         2         1  0.710296E-04
         4         2  0.643949E-04
         8         4  0.699819E-04
        16         6  0.697733E-04
        32        11  0.622990E-04
        64        18  0.740332E-04
       128        31  0.758488E-04
       256        54  0.845091E-04
       512        97  0.132492E-03
      1024       172  0.304723E-03
      2048       309  0.915286E-03
      4096       564  0.309444E-02
      8192      1028  0.108371E-01
     16384      1900  0.395972E-01
     32768      3512  0.146115    
     65536      6542  0.544473    
    131072     12251   2.05273    
 
         N        Pi          Time
 
         5         3  0.139057E-03
        50        15  0.776649E-04
       500        95  0.228245E-03
      5000       669  0.433959E-02
     50000      5133  0.325564    
    500000     41538   26.8655    
 
PRIME_NUMBER_OPEN_MP
  Normal end of execution.
 
PRIME_NUMBER_OPEN_MP
  FORTRAN77/OpenMP version
 
  Number of processors available =       16
  Number of threads =                     8
 
         N        Pi          Time
 
         1         0  0.558740E-03
         2         1  0.975700E-04
         4         2  0.105392E-03
         8         4  0.121806E-03
        16         6  0.113354E-03
        32        11  0.113704E-03
        64        18  0.268544E-03
       128        31  0.119361E-03
       256        54  0.136193E-03
       512        97  0.222588E-03
      1024       172  0.471506E-03
      2048       309  0.129956E-02
      4096       564  0.440008E-02
      8192      1028  0.825839E-02
     16384      1900  0.257384E-01
     32768      3512  0.746405E-01
     65536      6542  0.235087    
    131072     12251  0.889289    
 
         N        Pi          Time
 
         5         3  0.233413E-03
        50        15  0.124599E-03
       500        95  0.204708E-03
      5000       669  0.206915E-02
     50000      5133  0.145426    
    500000     41538   11.4197    
 
PRIME_NUMBER_OPEN_MP
  Normal end of execution.
