 
PRIME_NUMBER_OPEN_MP
  FORTRAN77/OpenMP version
 
  Number of processors available =        8
  Number of threads =                     1
 
         N        Pi          Time
 
         1         0  0.873022E-05
         2         1  0.223517E-05
         4         2  0.181608E-05
         8         4  0.202516E-05
        16         6  0.230409E-05
        32        11  0.335230E-05
        64        18  0.621611E-05
       128        31  0.159941E-04
       256        54  0.574100E-04
       512        97  0.169368E-03
      1024       172  0.581856E-03
      2048       309  0.205511E-02
      4096       564  0.751601E-02
      8192      1028  0.272477E-01
     16384      1900  0.752057E-01
     32768      3512  0.236082    
     65536      6542  0.881906    
    131072     12251   3.31706    
 
         N        Pi          Time
 
         5         3  0.132713E-05
        50        15  0.321260E-05
       500        95  0.109722E-03
      5000       669  0.684622E-02
     50000      5133  0.527948    
    500000     41538   43.1379    
 
PRIME_NUMBER_OPEN_MP
  Normal end of execution.
 
PRIME_NUMBER_OPEN_MP
  FORTRAN77/OpenMP version
 
  Number of processors available =        8
  Number of threads =                     2
 
         N        Pi          Time
 
         1         0  0.307306E-03
         2         1  0.123621E-03
         4         2  0.646743E-04
         8         4  0.811568E-04
        16         6  0.664201E-04
        32        11  0.613211E-04
        64        18  0.557341E-04
       128        31  0.465149E-04
       256        54  0.731251E-04
       512        97  0.154770E-03
      1024       172  0.449925E-03
      2048       309  0.152012E-02
      4096       564  0.551063E-02
      8192      1028  0.198411E-01
     16384      1900  0.656321E-01
     32768      3512  0.173722    
     65536      6542  0.650693    
    131072     12251   2.48191    
 
         N        Pi          Time
 
         5         3  0.611818E-04
        50        15  0.595050E-04
       500        95  0.184593E-03
      5000       669  0.513732E-02
     50000      5133  0.389201    
    500000     41538   32.2390    
 
PRIME_NUMBER_OPEN_MP
  Normal end of execution.
 
PRIME_NUMBER_OPEN_MP
  FORTRAN77/OpenMP version
 
  Number of processors available =        8
  Number of threads =                     4
 
         N        Pi          Time
 
         1         0  0.647858E-03
         2         1  0.156516E-03
         4         2  0.210994E-03
         8         4  0.215953E-03
        16         6  0.301999E-03
        32        11  0.515440E-04
        64        18  0.992450E-04
       128        31  0.568521E-04
       256        54  0.784332E-04
       512        97  0.162454E-03
      1024       172  0.400266E-03
      2048       309  0.131646E-02
      4096       564  0.377533E-02
      8192      1028  0.134145E-01
     16384      1900  0.331990E-01
     32768      3512  0.120157    
     65536      6542  0.389958    
    131072     12251   1.43822    
 
         N        Pi          Time
 
         5         3  0.606022E-03
        50        15  0.578504E-03
       500        95  0.321624E-03
      5000       669  0.310805E-02
     50000      5133  0.252300    
    500000     41538   18.7064    
 
PRIME_NUMBER_OPEN_MP
  Normal end of execution.
 
PRIME_NUMBER_OPEN_MP
  FORTRAN77/OpenMP version
 
  Number of processors available =        8
  Number of threads =                     8
 
         N        Pi          Time
 
         1         0  0.609793E-03
         2         1  0.424921E-03
         4         2  0.179704E-03
         8         4  0.124109E-03
        16         6  0.117545E-03
        32        11  0.833222E-04
        64        18  0.128370E-03
       128        31  0.940780E-04
       256        54  0.106929E-03
       512        97  0.182987E-03
      1024       172  0.349840E-03
      2048       309  0.111517E-02
      4096       564  0.333162E-02
      8192      1028  0.623371E-02
     16384      1900  0.202974E-01
     32768      3512  0.615305E-01
     65536      6542  0.202046    
    131072     12251  0.775094    
 
         N        Pi          Time
 
         5         3  0.123803E-02
        50        15  0.106084E-02
       500        95  0.650582E-03
      5000       669  0.196550E-02
     50000      5133  0.122708    
    500000     41538   10.0584    
 
PRIME_NUMBER_OPEN_MP
  Normal end of execution.
