12.9D0
11.3D0
10.6D0
11.2D0
10.9D0
7.5D0
7.7D0
11.7D0
12.9D0
14.3D0
10.9D0
13.7D0
17.1D0
14.0D0
15.3D0
8.5D0
5.7D0
5.5D0
7.6D0
8.6D0
7.3D0
7.6D0
12.7D0
11.0D0
12.7D0
12.9D0
13.0D0
10.9D0
10.4D0
10.2D0
8.0D0
10.9D0
13.6D0
10.5D0
9.2D0
12.4D0
12.7D0
13.3D0
10.1D0
7.8D0
4.8D0
3.0D0
2.5D0
6.3D0
9.7D0
11.6D0
8.6D0
12.4D0
10.5D0
13.3D0
10.4D0
8.1D0
3.7D0
10.7D0
5.1D0
10.4D0
10.9D0
11.7D0
11.4D0
13.7D0
14.1D0
14.0D0
12.5D0
6.3D0
9.6D0
11.7D0
5.0D0
10.8D0
12.7D0
10.8D0
11.8D0
12.6D0
15.7D0
12.6D0
14.8D0
7.8D0
7.1D0
11.2D0
8.1D0
6.4D0
5.2D0
12.0D0
10.2D0
12.7D0
10.2D0
14.7D0
12.2D0
7.1D0
5.7D0
6.7D0
3.9D0
8.5D0
8.3D0
10.8D0
16.7D0
12.6D0
12.5D0
12.5D0
9.8D0
7.2D0
4.1D0
10.6D0
10.1D0
10.1D0
11.9D0
13.6D0
16.3D0
17.6D0
15.5D0
16.0D0
15.2D0
11.2D0
14.3D0
14.5D0
8.5D0
12.0D0
12.7D0
11.3D0
14.5D0
15.1D0
10.4D0
11.5D0
13.4D0
7.5D0
0.6D0
0.3D0
5.5D0
5.0D0
4.6D0
8.2D0
9.9D0
9.2D0
12.5D0
10.9D0
9.9D0
8.9D0
7.6D0
9.5D0
8.4D0
10.7D0
13.6D0
13.7D0
13.7D0
16.5D0
16.8D0
17.1D0
15.4D0
9.5D0
6.1D0
10.1D0
9.3D0
5.3D0
11.2D0
16.6D0
15.6D0
12.0D0
11.5D0
8.6D0
13.8D0
8.7D0
8.6D0
8.6D0
8.7D0
12.8D0
13.2D0
14.0D0
13.4D0
14.8D0
