 
TOMS467_PRB
  Test TOMS algorithm 467, in place
  matrix transposition.
 
  Row dimension N1 =        10
  Column dimension N2 =     10
  Total size N12 =         100
  Workspace NWORK =         10
 
     1001.   1002.   1003.   1004.   1005.
     2001.   2002.   2003.   2004.   2005.
     3001.   3002.   3003.   3004.   3005.
     4001.   4002.   4003.   4004.   4005.
     5001.   5002.   5003.   5004.   5005.
 
     1001.   2001.   3001.   4001.   5001.
     1002.   2002.   3002.   4002.   5002.
     1003.   2003.   3003.   4003.   5003.
     1004.   2004.   3004.   4004.   5004.
     1005.   2005.   3005.   4005.   5005.
 
  Row dimension N1 =         7
  Column dimension N2 =     30
  Total size N12 =         210
  Workspace NWORK =         18
 
     1001.   1002.   1003.   1004.   1005.
     2001.   2002.   2003.   2004.   2005.
     3001.   3002.   3003.   3004.   3005.
     4001.   4002.   4003.   4004.   4005.
     5001.   5002.   5003.   5004.   5005.
 
     1001.   2001.   3001.   4001.   5001.
     1002.   2002.   3002.   4002.   5002.
     1003.   2003.   3003.   4003.   5003.
     1004.   2004.   3004.   4004.   5004.
     1005.   2005.   3005.   4005.   5005.
 
  Row dimension N1 =        24
  Column dimension N2 =      8
  Total size N12 =         192
  Workspace NWORK =         16
 
     1001.   1002.   1003.   1004.   1005.
     2001.   2002.   2003.   2004.   2005.
     3001.   3002.   3003.   3004.   3005.
     4001.   4002.   4003.   4004.   4005.
     5001.   5002.   5003.   5004.   5005.
 
     1001.   2001.   3001.   4001.   5001.
     1002.   2002.   3002.   4002.   5002.
     1003.   2003.   3003.   4003.   5003.
     1004.   2004.   3004.   4004.   5004.
     1005.   2005.   3005.   4005.   5005.
 
TOMS467_PRB
  Normal end of execution.
