Two node separation problem                                                     
          10
           1
           2
         125
        2500
  1.00000000    
  1.00000000    
  1.00000000    
   3.4300001    
  5.99999987E-02
  2.09999997E-02
   0.0000000    
   0.0000000    
   32.169998    
   0.0000000    
   0.0000000    
           0
           1
          21
         183
         203
         193
          81
           1
         500
          10
           0
           0
          53
          10
           4
           0
           6
           2
          30
          52
           0
           0
           0
           0
           1
           0
           4
           2
           2
           5
           3
          20
          10
          10
           3
          55
           2
           0
           0
           0
           0
           0
           0
           0
           0
           0
           0
          55
         385
          26
           2
           3
           0
         212
          30
           0
           0
          10
           6
           6
           4
           6
           7
           8
           9
           9
          10
           0
           0
           0
           0
           0
           0
           0
           0
           0
           0
           0
           0
           0
           0
           0
           0
           0
           0
           0
           0
           0
           0
           0
           0
           0
           0
           0
           0
           0
           0
           0
           0
           0
           0
           0
           0
           0
           0
           0
           0
           0
           0
           0
           0
           0
           0
           0
           0
           0
           0
           0
           0
           0
           0
           0
           0
           0
           0
           0
           0
           0
           0
           0
           0
           0
           0
           0
           0
           0
           0
           0
           0
           0
           0
           0
           0
           0
           0
           0
           0
           0
           0
           0
           0
           0
           0
           0
           0
           0
           0
           0
           0
           0
           0
           0
           0
           1
           2
   0.0000000    
   0.0000000    
   0.0000000    
   0.0000000    
   0.0000000    
  1.00000000    
   60.000000    
  0.10000000    
  0.21852621    
  0.54545456    
  1.00000000    
  0.54545456    
  9.09090936E-02
   0.0000000    
   0.0000000    
   0.0000000    
   0.0000000    
   0.0000000    
   0.0000000    
   0.0000000    
   0.0000000    
   0.0000000    
  1.00000000    
  1.00000000    
   0.0000000    
   0.0000000    
   0.0000000    
   0.0000000    
   0.0000000    
   0.0000000    
   0.0000000    
   0.0000000    
   0.0000000    
   0.0000000    
   0.0000000    
  0.66666669    
  1.00000000    
  0.33333334    
   0.0000000    
   0.0000000    
   0.0000000    
   0.0000000    
   0.0000000    
   0.0000000    
   0.0000000    
   0.0000000    
   0.0000000    
   0.0000000    
  0.54545456    
  1.00000000    
  0.54545456    
  9.09090936E-02
   0.0000000    
   0.0000000    
   0.0000000    
   0.0000000    
   0.0000000    
   0.0000000    
   0.0000000    
   0.0000000    
   0.0000000    
  0.47999999    
  1.00000000    
  0.69999999    
  0.20000000    
  1.99999996E-02
   0.0000000    
   0.0000000    
   0.0000000    
   0.0000000    
   0.0000000    
   0.0000000    
   0.0000000    
   0.0000000    
  0.43795621    
  1.00000000    
  0.82116789    
  0.31021899    
  5.47445267E-02
  3.64963501E-03
   0.0000000    
   0.0000000    
   0.0000000    
   0.0000000    
   0.0000000    
   0.0000000    
   0.0000000    
   0.0000000    
   0.0000000    
   0.0000000    
   0.0000000    
   0.0000000    
   0.0000000    
   0.0000000    
   0.0000000    
   0.0000000    
   0.0000000    
   0.0000000    
   0.0000000    
   0.0000000    
   0.0000000    
   0.0000000    
   0.0000000    
   0.0000000    
   0.0000000    
   0.0000000    
   0.0000000    
   0.0000000    
   0.0000000    
   0.0000000    
   0.0000000    
   0.0000000    
   0.0000000    
   0.0000000    
   0.0000000    
   0.0000000    
   0.0000000    
   0.0000000    
   0.0000000    
   0.0000000    
   0.0000000    
   0.0000000    
   0.0000000    
   0.0000000    
   0.0000000    
   0.0000000    
   0.0000000    
   0.0000000    
   0.0000000    
   0.0000000    
   0.0000000    
   0.0000000    
   0.0000000    
   0.0000000    
   0.0000000    
   0.0000000    
   0.0000000    
   0.0000000    
   0.0000000    
   0.0000000    
   0.0000000    
   0.0000000    
   0.0000000    
   0.0000000    
   0.0000000    
   0.0000000    
   0.0000000    
   0.0000000    
   0.0000000    
   0.0000000    
   0.0000000    
   0.0000000    
   0.0000000    
   0.0000000    
   0.0000000    
   0.0000000    
   0.0000000    
   0.0000000    
   0.0000000    
   0.0000000    
   0.0000000    
   0.0000000    
   0.0000000    
   0.0000000    
   0.0000000    
   0.0000000    
   0.0000000    
   0.0000000    
   0.0000000    
   0.0000000    
   0.0000000    
   0.0000000    
   0.0000000    
   0.0000000    
   0.0000000    
   0.0000000    
   0.0000000    
   0.0000000    
  0.86618984    
  10.0000000    
  1.00000000    
   2.0000000    
   3.0000000    
  1.00000000    
   4.5000000    
   6.0000000    
  0.50000000    
   7.3333330    
   9.1666660    
  0.16666667    
   10.416667    
   12.500000    
  4.16666679E-02
   13.700000    
   15.983333    
   0.0000000    
   0.0000000    
   0.0000000    
   0.0000000    
   0.0000000    
   0.0000000    
   0.0000000    
   0.0000000    
   0.0000000    
   0.0000000    
   0.0000000    
   0.0000000    
   0.0000000    
   0.0000000    
   0.0000000    
   0.0000000    
   0.0000000    
   0.0000000    
   0.0000000    
   0.0000000    
   0.0000000    
  0.30000001    
  0.54545456    
  0.86618984    
   0.0000000    
   0.0000000    
  0.77971280    
  0.90892541    
   5.6171684    
  1.19209290E-07
   0.0000000    
   0.0000000    
   0.0000000    
   0.0000000    
   0.0000000    
   0.0000000    
   0.0000000    
   0.0000000    
   0.0000000    
   0.0000000    
  0.77971280    
  0.86618984    
   5.6171684    
   0.0000000    
   0.0000000    
   0.0000000    
   0.0000000    
   0.0000000    
   0.0000000    
   0.0000000    
  9.85245453E-04
  0.50043327    
   90.070442    
   89.676483    
   787.84717    
   1193.5625    
   295.03207    
   294.83783    
  0.76854533    
 -1.65592926E-03
 -8.47553078E-04
  3.54572723E-04
 -8.25073943E-02
 -8.32250714E-02
  -72.478317    
 -0.55851871    
 -1.60995784E-04
 -4.76090034E-04
  2.70259404E-03
  2.22639111E-03
  1.85594126E-03
 -1.93368050E-03
  0.23027885    
  0.23159105    
  -1.0920286    
  0.63517928    
  5.34658728E-04
  1.87549635E-03
 -4.37071547E-03
 -3.25296773E-03
 -5.78475418E-04
  5.77530183E-04
 -3.76349650E-02
 -3.80155966E-02
  3.78731377E-02
 -8.18557739E-02
 -3.99549099E-05
 -4.54165973E-04
  1.07333960E-03
  8.12205428E-04
   0.0000000    
   0.0000000    
   0.0000000    
   0.0000000    
   0.0000000    
   0.0000000    
   0.0000000    
   0.0000000    
   0.0000000    
   0.0000000    
 -6.33497257E-03
  6.18877448E-03
 -0.18927875    
 -0.19156732    
  0.74387014    
 -0.12776169    
  4.48601204E-04
 -4.08145273E-03
  3.20133893E-03
  1.70926703E-03
  3.45266977E-04
  -56.500866    
  -463.86777    
 -0.12234876    
 -5.48578762E-02
  3.63256671E-02
 -1.73466557E-04
  -0.0000000    
  4.90272418E-02
  -0.0000000    
 -3.16496938E-04
  6.70744688E-04
  -9.3356371    
  -57.293522    
  8.93876329E-03
 -5.91905043E-03
  3.49702919E-03
  2.91624367E-02
 -0.30640256    
  0.29354364    
  5.15712818E-05
 -1.09293833E-04
  -612.93451    
   0.0000000    
   74.992096    
  0.29935840    
 -1.41767331E-03
 -0.44833374    
  0.40066940    
  -0.0000000    
  0.17676853    
  5.48175490E-03
   612.69104    
  9.33040428E-05
  -74.961861    
 -0.18278313    
  5.89388004E-03
 -1.63830072E-02
 -0.49541378    
 -0.51700634    
  0.31704772    
  2.00874449E-04
  -0.0000000    
  -0.0000000    
  -0.0000000    
  -0.0000000    
  2.32585170E-03
   0.0000000    
  0.38827106    
   0.0000000    
   0.0000000    
  2.83598783E-03
  -0.0000000    
  -0.0000000    
  -0.0000000    
  -0.0000000    
  -0.0000000    
  9.89863649E-02
  2.71336432E-03
   0.0000000    
   0.0000000    
   0.0000000    
  -0.0000000    
  -0.0000000    
   56.116936    
   73.185349    
  -26.358110    
  -24.006783    
  -37.837288    
  7.57588726E-03
  0.87540507    
  6.54299138E-03
  -0.0000000    
   28.916145    
  0.84326524    
 -0.18798646    
 -0.11650987    
  -8.4742174    
   37.501488    
   32.919945    
 -1.09335100E-02
 -7.48682721E-03
  -27.234388    
   0.0000000    
   3.3320937    
  8.18288326E-03
 -2.43613569E-04
  0.33756390    
 -4.23060264E-03
   27.832329    
 -0.30458146    
 -0.68026274    
   55.856529    
  -15.030620    
   7.7583122    
   1.5950588    
  -6.7029705    
   7.0596466    
  -5.2367983    
  -29.925369    
  0.24282190    
  8.75472873E-02
   199.93498    
   190.50255    
   19.933958    
   20.012196    
   2.3196349    
   1.6603298    
   6.5566750    
   6.5608234    
   185.82921    
   199.87418    
  3.73018374E-05
  1.10657117E-03
 -4.73090820E-02
 -4.74678576E-02
  0.21630526    
  0.66555339    
 -1.62914817E-04
 -8.00338457E-04
  4.43683268E-04
  2.65494775E-04
 -9.37471399E-04
  9.35939606E-04
 -6.09908476E-02
 -6.16076924E-02
  6.13768250E-02
 -0.13265465    
 -6.47505221E-05
 -7.36016722E-04
  1.73944328E-03
  1.31625193E-03
   0.0000000    
   0.0000000    
   0.0000000    
   0.0000000    
   0.0000000    
   0.0000000    
   0.0000000    
   0.0000000    
   0.0000000    
   0.0000000    
   0.0000000    
   0.0000000    
   0.0000000    
   0.0000000    
   0.0000000    
   0.0000000    
   0.0000000    
   0.0000000    
   0.0000000    
   0.0000000    
   0.0000000    
   0.0000000    
   0.0000000    
   0.0000000    
   0.0000000    
   0.0000000    
   0.0000000    
   0.0000000    
   0.0000000    
   0.0000000    
   0.0000000    
   0.0000000    
   0.0000000    
   0.0000000    
   0.0000000    
   0.0000000    
   0.0000000    
   0.0000000    
   0.0000000    
   0.0000000    
   0.0000000    
   0.0000000    
   0.0000000    
   0.0000000    
   0.0000000    
   0.0000000    
   0.0000000    
   0.0000000    
   0.0000000    
   0.0000000    
   0.0000000    
   0.0000000    
   0.0000000    
   0.0000000    
   0.0000000    
   0.0000000    
   0.0000000    
   0.0000000    
   0.0000000    
   0.0000000    
   0.0000000    
   0.0000000    
   0.0000000    
   0.0000000    
   0.0000000    
   0.0000000    
   0.0000000    
   0.0000000    
   0.0000000    
   0.0000000    
   0.0000000    
   0.0000000    
   0.0000000    
   0.0000000    
   0.0000000    
   0.0000000    
   0.0000000    
   0.0000000    
   0.0000000    
   0.0000000    
   0.0000000    
   0.0000000    
   0.0000000    
   0.0000000    
   0.0000000    
   0.0000000    
   0.0000000    
   0.0000000    
   0.0000000    
   0.0000000    
   0.0000000    
   0.0000000    
   0.0000000    
   0.0000000    
   0.0000000    
   0.0000000    
   0.0000000    
   0.0000000    
   0.0000000    
   0.0000000    
   0.0000000    
   0.0000000    
   0.0000000    
   0.0000000    
   0.0000000    
   0.0000000    
   0.0000000    
   0.0000000    
   0.0000000    
   0.0000000    
   0.0000000    
   0.0000000    
   0.0000000    
   0.0000000    
   0.0000000    
   0.0000000    
   0.0000000    
   0.0000000    
   0.0000000    
   0.0000000    
   0.0000000    
   0.0000000    
   0.0000000    
   0.0000000    
   0.0000000    
   0.0000000    
   0.0000000    
   0.0000000    
   0.0000000    
   0.0000000    
   0.0000000    
   0.0000000    
   0.0000000    
   0.0000000    
   0.0000000    
   0.0000000    
   0.0000000    
   0.0000000    
   0.0000000    
   0.0000000    
   0.0000000    
   0.0000000    
   0.0000000    
   0.0000000    
   0.0000000    
   0.0000000    
   0.0000000    
   0.0000000    
   0.0000000    
   0.0000000    
   0.0000000    
   0.0000000    
   0.0000000    
   0.0000000    
   0.0000000    
   0.0000000    
   0.0000000    
   0.0000000    
   0.0000000    
   0.0000000    
   0.0000000    
   0.0000000    
   0.0000000    
   0.0000000    
   0.0000000    
   0.0000000    
   0.0000000    
   0.0000000    
   0.0000000    
   0.0000000    
   0.0000000    
   0.0000000    
   0.0000000    
   0.0000000    
   0.0000000    
   0.0000000    
   0.0000000    
   0.0000000    
   0.0000000    
   0.0000000    
   0.0000000    
   0.0000000    
   0.0000000    
   0.0000000    
   0.0000000    
   0.0000000    
   0.0000000    
   0.0000000    
   0.0000000    
   0.0000000    
   0.0000000    
   0.0000000    
   0.0000000    
   0.0000000    
   0.0000000    
   0.0000000    
   0.0000000    
   0.0000000    
   0.0000000    
   0.0000000    
   0.0000000    
   0.0000000    
   0.0000000    
   0.0000000    
   0.0000000    
   0.0000000    
   0.0000000    
   0.0000000    
   0.0000000    
   0.0000000    
   0.0000000    
   0.0000000    
   0.0000000    
   0.0000000    
   0.0000000    
   0.0000000    
   0.0000000    
   0.0000000    
   0.0000000    
   0.0000000    
   0.0000000    
   0.0000000    
   0.0000000    
   0.0000000    
   0.0000000    
   0.0000000    
   0.0000000    
   0.0000000    
   0.0000000    
   0.0000000    
   0.0000000    
   0.0000000    
   0.0000000    
   0.0000000    
   0.0000000    
   0.0000000    
   0.0000000    
   0.0000000    
   0.0000000    
   0.0000000    
   0.0000000    
   0.0000000    
   0.0000000    
   0.0000000    
   0.0000000    
   0.0000000    
   0.0000000    
   0.0000000    
   0.0000000    
   0.0000000    
   0.0000000    
   0.0000000    
   0.0000000    
   0.0000000    
   0.0000000    
   0.0000000    
   0.0000000    
   0.0000000    
   0.0000000    
   0.0000000    
   0.0000000    
   0.0000000    
   0.0000000    
   0.0000000    
   0.0000000    
   0.0000000    
   0.0000000    
   0.0000000    
   0.0000000    
   0.0000000    
   0.0000000    
   0.0000000    
   0.0000000    
   0.0000000    
   0.0000000    
   0.0000000    
   0.0000000    
   0.0000000    
   0.0000000    
   0.0000000    
   0.0000000    
   0.0000000    
   0.0000000    
   0.0000000    
   0.0000000    
   0.0000000    
   0.0000000    
   0.0000000    
   0.0000000    
   0.0000000    
   0.0000000    
   0.0000000    
   0.0000000    
   0.0000000    
   0.0000000    
   0.0000000    
   0.0000000    
   0.0000000    
   0.0000000    
   0.0000000    
   0.0000000    
   0.0000000    
   0.0000000    
   0.0000000    
   0.0000000    
   0.0000000    
   0.0000000    
   0.0000000    
   0.0000000    
   0.0000000    
   0.0000000    
   0.0000000    
   0.0000000    
   0.0000000    
   0.0000000    
   0.0000000    
   0.0000000    
   0.0000000    
   0.0000000    
   0.0000000    
   0.0000000    
   0.0000000    
   0.0000000    
   0.0000000    
   0.0000000    
   0.0000000    
   0.0000000    
   0.0000000    
   0.0000000    
   0.0000000    
   0.0000000    
   0.0000000    
   0.0000000    
   0.0000000    
   0.0000000    
   0.0000000    
   0.0000000    
   0.0000000    
   0.0000000    
   0.0000000    
   0.0000000    
   0.0000000    
   0.0000000    
   0.0000000    
   0.0000000    
   0.0000000    
   0.0000000    
   0.0000000    
   0.0000000    
   0.0000000    
   0.0000000    
   0.0000000    
   0.0000000    
   0.0000000    
   0.0000000    
   0.0000000    
   0.0000000    
   0.0000000    
   0.0000000    
   0.0000000    
   0.0000000    
   0.0000000    
   0.0000000    
   0.0000000    
   0.0000000    
   0.0000000    
   0.0000000    
   0.0000000    
   0.0000000    
   0.0000000    
   0.0000000    
   0.0000000    
   0.0000000    
   0.0000000    
   0.0000000    
   0.0000000    
   0.0000000    
   0.0000000    
   0.0000000    
   0.0000000    
   0.0000000    
   0.0000000    
   0.0000000    
   0.0000000    
   0.0000000    
   0.0000000    
   0.0000000    
   0.0000000    
   0.0000000    
   0.0000000    
   0.0000000    
   0.0000000    
   0.0000000    
   0.0000000    
   0.0000000    
   0.0000000    
   0.0000000    
   0.0000000    
   0.0000000    
   0.0000000    
   0.0000000    
   0.0000000    
   0.0000000    
   0.0000000    
   0.0000000    
   0.0000000    
   0.0000000    
   0.0000000    
   0.0000000    
   0.0000000    
   0.0000000    
   0.0000000    
   0.0000000    
   0.0000000    
   0.0000000    
   0.0000000    
   0.0000000    
   0.0000000    
   0.0000000    
   0.0000000    
   0.0000000    
   0.0000000    
   0.0000000    
   0.0000000    
   0.0000000    
   0.0000000    
   0.0000000    
   0.0000000    
   0.0000000    
   0.0000000    
   0.0000000    
   0.0000000    
   0.0000000    
   0.0000000    
   0.0000000    
   0.0000000    
   0.0000000    
   0.0000000    
   0.0000000    
   0.0000000    
   0.0000000    
   0.0000000    
   0.0000000    
   0.0000000    
   0.0000000    
   0.0000000    
   0.0000000    
   0.0000000    
   0.0000000    
   0.0000000    
   0.0000000    
   0.0000000    
   0.0000000    
   0.0000000    
   0.0000000    
   0.0000000    
   0.0000000    
   0.0000000    
   0.0000000    
   0.0000000    
   0.0000000    
   0.0000000    
   0.0000000    
   0.0000000    
   0.0000000    
   0.0000000    
   0.0000000    
   0.0000000    
   0.0000000    
   0.0000000    
   0.0000000    
   0.0000000    
   0.0000000    
   0.0000000    
   0.0000000    
   0.0000000    
   0.0000000    
   0.0000000    
   0.0000000    
   0.0000000    
   0.0000000    
   0.0000000    
   0.0000000    
   0.0000000    
   0.0000000    
   0.0000000    
   0.0000000    
   0.0000000    
   0.0000000    
   0.0000000    
   0.0000000    
   0.0000000    
   0.0000000    
   0.0000000    
   0.0000000    
   0.0000000    
   0.0000000    
   0.0000000    
   0.0000000    
   0.0000000    
   0.0000000    
   0.0000000    
   0.0000000    
   0.0000000    
   0.0000000    
   0.0000000    
   0.0000000    
   0.0000000    
   0.0000000    
   0.0000000    
   0.0000000    
   0.0000000    
   0.0000000    
   0.0000000    
   0.0000000    
   0.0000000    
   0.0000000    
   0.0000000    
   0.0000000    
   0.0000000    
   0.0000000    
   0.0000000    
   0.0000000    
   0.0000000    
   0.0000000    
   0.0000000    
   0.0000000    
   0.0000000    
   0.0000000    
   0.0000000    
   0.0000000    
   0.0000000    
   0.0000000    
   0.0000000    
   0.0000000    
   0.0000000    
   0.0000000    
   0.0000000    
   0.0000000    
   0.0000000    
   0.0000000    
   0.0000000    
   0.0000000    
   0.0000000    
   0.0000000    
   0.0000000    
   0.0000000    
   0.0000000    
   0.0000000    
   0.0000000    
   0.0000000    
   0.0000000    
   0.0000000    
   0.0000000    
   0.0000000    
   0.0000000    
   0.0000000    
   0.0000000    
   0.0000000    
   0.0000000    
   0.0000000    
   0.0000000    
   0.0000000    
   0.0000000    
   0.0000000    
   0.0000000    
   0.0000000    
   0.0000000    
   0.0000000    
   0.0000000    
   0.0000000    
   0.0000000    
   0.0000000    
   0.0000000    
   0.0000000    
   0.0000000    
   0.0000000    
   0.0000000    
   0.0000000    
   0.0000000    
   0.0000000    
   0.0000000    
   0.0000000    
   0.0000000    
   0.0000000    
   0.0000000    
   0.0000000    
   0.0000000    
   0.0000000    
   0.0000000    
   0.0000000    
   0.0000000    
   0.0000000    
   0.0000000    
   0.0000000    
   0.0000000    
   0.0000000    
   0.0000000    
   0.0000000    
   0.0000000    
   0.0000000    
   0.0000000    
   0.0000000    
   0.0000000    
   0.0000000    
   0.0000000    
   0.0000000    
   0.0000000    
   0.0000000    
   0.0000000    
   0.0000000    
   0.0000000    
   0.0000000    
   0.0000000    
   0.0000000    
   0.0000000    
   0.0000000    
   0.0000000    
   0.0000000    
   0.0000000    
   0.0000000    
   0.0000000    
   0.0000000    
   0.0000000    
   0.0000000    
   0.0000000    
   0.0000000    
   0.0000000    
   0.0000000    
   0.0000000    
   0.0000000    
   0.0000000    
   0.0000000    
   0.0000000    
   0.0000000    
   0.0000000    
   0.0000000    
   0.0000000    
   0.0000000    
   0.0000000    
   0.0000000    
   0.0000000    
   0.0000000    
   0.0000000    
   0.0000000    
   0.0000000    
   0.0000000    
   0.0000000    
   0.0000000    
   0.0000000    
   0.0000000    
   0.0000000    
   0.0000000    
   0.0000000    
   0.0000000    
   0.0000000    
   0.0000000    
   0.0000000    
   0.0000000    
   0.0000000    
   0.0000000    
   0.0000000    
   0.0000000    
   0.0000000    
   0.0000000    
   0.0000000    
   0.0000000    
   0.0000000    
   0.0000000    
   0.0000000    
   0.0000000    
   0.0000000    
   0.0000000    
   0.0000000    
   0.0000000    
   0.0000000    
   0.0000000    
   0.0000000    
   0.0000000    
   0.0000000    
   0.0000000    
   0.0000000    
   0.0000000    
   0.0000000    
   0.0000000    
   0.0000000    
   0.0000000    
   0.0000000    
   0.0000000    
   0.0000000    
   0.0000000    
   0.0000000    
   0.0000000    
   0.0000000    
   0.0000000    
   0.0000000    
   0.0000000    
   0.0000000    
   0.0000000    
   0.0000000    
   0.0000000    
   0.0000000    
   0.0000000    
   0.0000000    
   0.0000000    
   0.0000000    
   0.0000000    
   0.0000000    
   0.0000000    
   0.0000000    
   0.0000000    
   0.0000000    
   0.0000000    
   0.0000000    
   0.0000000    
   0.0000000    
   0.0000000    
   0.0000000    
   0.0000000    
   0.0000000    
   0.0000000    
   0.0000000    
   0.0000000    
   0.0000000    
   0.0000000    
   0.0000000    
   0.0000000    
   0.0000000    
   0.0000000    
   0.0000000    
   0.0000000    
   0.0000000    
   0.0000000    
   0.0000000    
   0.0000000    
   0.0000000    
   0.0000000    
   0.0000000    
   0.0000000    
   0.0000000    
   0.0000000    
   0.0000000    
   0.0000000    
   0.0000000    
   0.0000000    
   0.0000000    
   0.0000000    
   0.0000000    
   0.0000000    
   0.0000000    
   0.0000000    
   0.0000000    
   0.0000000    
   0.0000000    
   0.0000000    
   0.0000000    
   0.0000000    
   0.0000000    
   0.0000000    
   0.0000000    
   0.0000000    
   0.0000000    
   0.0000000    
   0.0000000    
   0.0000000    
   0.0000000    
   0.0000000    
   0.0000000    
   0.0000000    
   0.0000000    
   0.0000000    
   0.0000000    
   0.0000000    
   0.0000000    
   0.0000000    
   0.0000000    
   0.0000000    
   0.0000000    
   0.0000000    
   0.0000000    
   0.0000000    
   0.0000000    
   0.0000000    
   0.0000000    
   0.0000000    
   0.0000000    
   0.0000000    
   0.0000000    
   0.0000000    
   0.0000000    
   0.0000000    
   0.0000000    
   0.0000000    
   0.0000000    
   0.0000000    
   0.0000000    
   0.0000000    
   0.0000000    
   0.0000000    
   0.0000000    
   0.0000000    
   0.0000000    
   0.0000000    
   0.0000000    
   0.0000000    
   0.0000000    
   0.0000000    
   0.0000000    
   0.0000000    
   0.0000000    
   0.0000000    
   0.0000000    
   0.0000000    
   0.0000000    
   0.0000000    
   0.0000000    
   0.0000000    
   0.0000000    
   0.0000000    
   0.0000000    
   0.0000000    
   0.0000000    
   0.0000000    
   0.0000000    
   0.0000000    
   0.0000000    
   0.0000000    
   0.0000000    
   0.0000000    
   0.0000000    
   0.0000000    
   0.0000000    
   0.0000000    
   0.0000000    
   0.0000000    
   0.0000000    
   0.0000000    
   0.0000000    
   0.0000000    
   0.0000000    
   0.0000000    
   0.0000000    
   0.0000000    
   0.0000000    
   0.0000000    
   0.0000000    
   0.0000000    
   0.0000000    
   0.0000000    
   0.0000000    
   0.0000000    
   0.0000000    
   0.0000000    
   0.0000000    
   0.0000000    
   0.0000000    
   0.0000000    
   0.0000000    
   0.0000000    
   0.0000000    
   0.0000000    
   0.0000000    
   0.0000000    
   0.0000000    
   0.0000000    
   0.0000000    
   0.0000000    
   0.0000000    
   0.0000000    
   0.0000000    
   0.0000000    
   0.0000000    
   0.0000000    
   0.0000000    
   0.0000000    
   0.0000000    
   0.0000000    
   0.0000000    
   0.0000000    
   0.0000000    
   0.0000000    
   0.0000000    
   0.0000000    
   0.0000000    
   0.0000000    
   0.0000000    
   0.0000000    
   0.0000000    
   0.0000000    
   0.0000000    
   0.0000000    
   0.0000000    
   0.0000000    
   0.0000000    
   0.0000000    
   0.0000000    
   0.0000000    
   0.0000000    
   0.0000000    
   0.0000000    
   0.0000000    
   0.0000000    
   0.0000000    
   0.0000000    
   0.0000000    
   0.0000000    
   0.0000000    
   0.0000000    
   0.0000000    
   0.0000000    
   0.0000000    
   0.0000000    
   0.0000000    
   0.0000000    
   0.0000000    
   0.0000000    
   0.0000000    
   0.0000000    
   0.0000000    
   0.0000000    
   0.0000000    
   0.0000000    
   0.0000000    
   0.0000000    
   0.0000000    
   0.0000000    
   0.0000000    
   0.0000000    
   0.0000000    
   0.0000000    
   0.0000000    
   0.0000000    
   0.0000000    
   0.0000000    
   0.0000000    
   0.0000000    
   0.0000000    
   0.0000000    
   0.0000000    
   0.0000000    
   0.0000000    
   0.0000000    
   0.0000000    
   0.0000000    
   0.0000000    
   0.0000000    
   0.0000000    
   0.0000000    
   0.0000000    
   0.0000000    
   0.0000000    
   0.0000000    
   0.0000000    
   0.0000000    
   0.0000000    
   0.0000000    
   0.0000000    
   0.0000000    
   0.0000000    
   0.0000000    
   0.0000000    
   0.0000000    
   0.0000000    
   0.0000000    
   0.0000000    
   0.0000000    
   0.0000000    
   0.0000000    
   0.0000000    
   0.0000000    
   0.0000000    
   0.0000000    
   0.0000000    
   0.0000000    
   0.0000000    
   0.0000000    
   0.0000000    
   0.0000000    
   0.0000000    
   0.0000000    
   0.0000000    
   0.0000000    
   0.0000000    
   0.0000000    
   0.0000000    
   0.0000000    
   0.0000000    
   0.0000000    
   0.0000000    
   0.0000000    
   0.0000000    
   0.0000000    
   0.0000000    
   0.0000000    
   0.0000000    
   0.0000000    
   0.0000000    
   0.0000000    
   0.0000000    
   0.0000000    
   0.0000000    
   0.0000000    
   0.0000000    
   0.0000000    
   0.0000000    
   0.0000000    
   0.0000000    
   0.0000000    
   0.0000000    
   0.0000000    
   0.0000000    
   0.0000000    
   0.0000000    
   0.0000000    
   0.0000000    
   0.0000000    
   0.0000000    
   0.0000000    
   0.0000000    
   0.0000000    
   0.0000000    
   0.0000000    
   0.0000000    
   0.0000000    
   0.0000000    
   0.0000000    
   0.0000000    
   0.0000000    
   0.0000000    
   0.0000000    
   0.0000000    
   0.0000000    
   0.0000000    
   0.0000000    
   0.0000000    
   0.0000000    
   0.0000000    
   0.0000000    
   0.0000000    
   0.0000000    
   0.0000000    
   0.0000000    
   0.0000000    
   0.0000000    
   0.0000000    
   0.0000000    
   0.0000000    
   0.0000000    
   0.0000000    
   0.0000000    
   0.0000000    
   0.0000000    
   0.0000000    
   0.0000000    
   0.0000000    
   0.0000000    
   0.0000000    
   0.0000000    
   0.0000000    
   0.0000000    
   0.0000000    
   0.0000000    
   0.0000000    
   0.0000000    
   0.0000000    
   0.0000000    
   0.0000000    
   0.0000000    
   0.0000000    
   0.0000000    
   0.0000000    
   0.0000000    
   0.0000000    
   0.0000000    
   0.0000000    
   0.0000000    
   0.0000000    
   0.0000000    
   0.0000000    
   0.0000000    
   0.0000000    
   0.0000000    
   0.0000000    
   0.0000000    
   0.0000000    
   0.0000000    
   0.0000000    
   0.0000000    
   0.0000000    
   0.0000000    
   0.0000000    
   0.0000000    
   0.0000000    
   0.0000000    
   0.0000000    
   0.0000000    
   0.0000000    
   0.0000000    
   0.0000000    
   0.0000000    
   0.0000000    
   0.0000000    
   0.0000000    
   0.0000000    
   0.0000000    
   0.0000000    
   0.0000000    
   0.0000000    
   0.0000000    
   0.0000000    
   0.0000000    
   0.0000000    
   0.0000000    
   0.0000000    
   0.0000000    
   0.0000000    
   0.0000000    
   0.0000000    
   0.0000000    
   0.0000000    
   0.0000000    
   0.0000000    
   0.0000000    
   0.0000000    
   0.0000000    
   0.0000000    
   0.0000000    
   0.0000000    
   0.0000000    
   0.0000000    
   0.0000000    
   0.0000000    
   0.0000000    
   0.0000000    
   0.0000000    
   0.0000000    
   0.0000000    
   0.0000000    
   0.0000000    
   0.0000000    
   0.0000000    
   0.0000000    
   0.0000000    
   0.0000000    
   0.0000000    
   0.0000000    
   0.0000000    
   0.0000000    
   0.0000000    
   0.0000000    
   0.0000000    
   0.0000000    
   0.0000000    
   0.0000000    
   0.0000000    
   0.0000000    
   0.0000000    
   0.0000000    
   0.0000000    
   0.0000000    
   0.0000000    
   0.0000000    
   0.0000000    
   0.0000000    
   0.0000000    
   0.0000000    
   0.0000000    
   0.0000000    
   0.0000000    
   0.0000000    
   0.0000000    
   0.0000000    
   0.0000000    
   0.0000000    
   0.0000000    
   0.0000000    
   0.0000000    
   0.0000000    
   0.0000000    
   0.0000000    
   0.0000000    
   0.0000000    
   0.0000000    
   0.0000000    
   0.0000000    
   0.0000000    
   0.0000000    
   0.0000000    
   0.0000000    
   0.0000000    
   0.0000000    
   0.0000000    
   0.0000000    
   0.0000000    
   0.0000000    
   0.0000000    
   0.0000000    
   0.0000000    
   0.0000000    
   0.0000000    
   0.0000000    
   0.0000000    
   0.0000000    
   0.0000000    
   0.0000000    
   0.0000000    
   0.0000000    
   0.0000000    
   0.0000000    
   0.0000000    
   0.0000000    
   0.0000000    
   0.0000000    
   0.0000000    
   0.0000000    
   0.0000000    
   0.0000000    
   0.0000000    
   0.0000000    
   0.0000000    
   0.0000000    
   0.0000000    
   0.0000000    
   0.0000000    
   0.0000000    
   0.0000000    
   0.0000000    
   0.0000000    
   0.0000000    
   0.0000000    
   0.0000000    
   0.0000000    
   0.0000000    
   0.0000000    
   0.0000000    
   0.0000000    
   0.0000000    
   0.0000000    
   0.0000000    
   0.0000000    
   0.0000000    
   0.0000000    
   0.0000000    
   0.0000000    
   0.0000000    
   0.0000000    
   0.0000000    
   0.0000000    
   0.0000000    
   0.0000000    
   0.0000000    
   0.0000000    
   0.0000000    
   0.0000000    
   0.0000000    
   0.0000000    
   0.0000000    
   0.0000000    
   0.0000000    
   0.0000000    
   0.0000000    
   0.0000000    
   0.0000000    
   0.0000000    
   0.0000000    
   0.0000000    
   0.0000000    
   0.0000000    
   0.0000000    
   0.0000000    
   0.0000000    
   0.0000000    
   0.0000000    
   0.0000000    
   0.0000000    
   0.0000000    
   0.0000000    
   0.0000000    
   0.0000000    
   0.0000000    
   0.0000000    
   0.0000000    
   0.0000000    
   0.0000000    
   0.0000000    
   0.0000000    
   0.0000000    
   0.0000000    
   0.0000000    
   0.0000000    
   0.0000000    
   0.0000000    
   0.0000000    
   0.0000000    
   0.0000000    
   0.0000000    
   0.0000000    
   0.0000000    
   0.0000000    
   0.0000000    
   0.0000000    
   0.0000000    
   0.0000000    
   0.0000000    
   0.0000000    
   0.0000000    
   0.0000000    
   0.0000000    
   0.0000000    
   0.0000000    
   0.0000000    
   0.0000000    
   0.0000000    
   0.0000000    
   0.0000000    
   0.0000000    
   0.0000000    
   0.0000000    
   0.0000000    
   0.0000000    
   0.0000000    
   0.0000000    
   0.0000000    
   0.0000000    
   0.0000000    
   0.0000000    
   0.0000000    
   0.0000000    
   0.0000000    
   0.0000000    
   0.0000000    
   0.0000000    
   0.0000000    
   0.0000000    
   0.0000000    
   0.0000000    
   0.0000000    
   0.0000000    
   0.0000000    
   0.0000000    
   0.0000000    
   0.0000000    
   0.0000000    
   0.0000000    
   0.0000000    
   0.0000000    
   0.0000000    
   0.0000000    
   0.0000000    
   0.0000000    
   0.0000000    
   0.0000000    
   0.0000000    
   0.0000000    
   0.0000000    
   0.0000000    
   0.0000000    
   0.0000000    
   0.0000000    
   0.0000000    
   0.0000000    
   0.0000000    
   0.0000000    
   0.0000000    
   0.0000000    
   0.0000000    
   0.0000000    
   0.0000000    
   0.0000000    
   0.0000000    
   0.0000000    
   0.0000000    
   0.0000000    
   0.0000000    
   0.0000000    
   0.0000000    
   0.0000000    
   0.0000000    
   0.0000000    
   0.0000000    
   0.0000000    
   0.0000000    
   0.0000000    
   0.0000000    
   0.0000000    
   0.0000000    
   0.0000000    
   0.0000000    
   0.0000000    
   0.0000000    
   0.0000000    
   0.0000000    
   0.0000000    
   0.0000000    
   0.0000000    
   0.0000000    
   0.0000000    
   0.0000000    
   0.0000000    
   0.0000000    
   0.0000000    
   0.0000000    
   0.0000000    
   0.0000000    
   0.0000000    
   0.0000000    
   0.0000000    
   0.0000000    
   0.0000000    
   0.0000000    
   0.0000000    
   0.0000000    
   0.0000000    
   0.0000000    
   0.0000000    
   0.0000000    
   0.0000000    
   0.0000000    
   0.0000000    
   0.0000000    
   0.0000000    
   0.0000000    
   0.0000000    
   0.0000000    
   0.0000000    
   0.0000000    
   0.0000000    
   0.0000000    
   0.0000000    
   0.0000000    
   0.0000000    
   0.0000000    
   0.0000000    
   0.0000000    
   0.0000000    
   0.0000000    
   0.0000000    
   0.0000000    
   0.0000000    
   0.0000000    
   0.0000000    
   0.0000000    
   0.0000000    
   0.0000000    
   0.0000000    
   0.0000000    
   0.0000000    
   0.0000000    
   0.0000000    
   0.0000000    
   0.0000000    
   0.0000000    
   0.0000000    
   0.0000000    
   0.0000000    
   0.0000000    
   0.0000000    
   0.0000000    
   0.0000000    
   0.0000000    
   0.0000000    
   0.0000000    
   0.0000000    
   0.0000000    
   0.0000000    
   0.0000000    
   0.0000000    
   0.0000000    
   0.0000000    
   0.0000000    
   0.0000000    
   0.0000000    
   0.0000000    
   0.0000000    
   0.0000000    
   0.0000000    
   0.0000000    
   0.0000000    
   0.0000000    
   0.0000000    
   0.0000000    
   0.0000000    
   0.0000000    
   0.0000000    
   0.0000000    
   0.0000000    
   0.0000000    
   0.0000000    
   0.0000000    
   0.0000000    
   0.0000000    
   0.0000000    
   0.0000000    
   0.0000000    
   0.0000000    
   0.0000000    
   0.0000000    
   0.0000000    
   0.0000000    
   0.0000000    
   0.0000000    
   0.0000000    
   0.0000000    
   0.0000000    
   0.0000000    
   0.0000000    
   0.0000000    
   0.0000000    
   0.0000000    
   0.0000000    
   0.0000000    
   0.0000000    
   0.0000000    
   0.0000000    
   0.0000000    
   0.0000000    
   0.0000000    
   0.0000000    
   0.0000000    
   0.0000000    
   0.0000000    
   0.0000000    
   0.0000000    
   0.0000000    
   0.0000000    
   0.0000000    
   0.0000000    
   0.0000000    
   0.0000000    
   0.0000000    
   0.0000000    
   0.0000000    
   0.0000000    
   0.0000000    
   0.0000000    
   0.0000000    
   0.0000000    
   0.0000000    
   0.0000000    
   0.0000000    
   0.0000000    
   0.0000000    
   0.0000000    
   0.0000000    
   0.0000000    
   0.0000000    
   0.0000000    
   0.0000000    
   0.0000000    
   0.0000000    
   0.0000000    
   0.0000000    
   0.0000000    
   0.0000000    
   0.0000000    
   0.0000000    
   0.0000000    
   0.0000000    
   0.0000000    
   0.0000000    
   0.0000000    
   0.0000000    
   0.0000000    
   0.0000000    
   0.0000000    
   0.0000000    
   0.0000000    
   0.0000000    
   0.0000000    
   0.0000000    
   0.0000000    
   0.0000000    
   0.0000000    
   0.0000000    
   0.0000000    
   0.0000000    
   0.0000000    
   0.0000000    
   0.0000000    
   0.0000000    
   0.0000000    
   0.0000000    
   0.0000000    
   0.0000000    
   0.0000000    
   0.0000000    
   0.0000000    
   0.0000000    
   0.0000000    
   0.0000000    
   0.0000000    
   0.0000000    
   0.0000000    
   0.0000000    
   0.0000000    
   0.0000000    
   0.0000000    
   0.0000000    
   0.0000000    
   0.0000000    
   0.0000000    
   0.0000000    
   0.0000000    
   0.0000000    
   0.0000000    
   0.0000000    
   0.0000000    
   0.0000000    
   0.0000000    
   0.0000000    
   0.0000000    
   0.0000000    
   0.0000000    
   0.0000000    
   0.0000000    
   0.0000000    
   0.0000000    
   0.0000000    
   0.0000000    
   0.0000000    
   0.0000000    
   0.0000000    
   0.0000000    
   0.0000000    
   0.0000000    
   0.0000000    
   0.0000000    
   0.0000000    
   0.0000000    
   0.0000000    
   0.0000000    
   0.0000000    
   0.0000000    
   0.0000000    
   0.0000000    
   0.0000000    
   0.0000000    
   0.0000000    
   0.0000000    
   0.0000000    
   0.0000000    
   0.0000000    
   0.0000000    
   0.0000000    
   0.0000000    
   0.0000000    
   0.0000000    
   0.0000000    
   0.0000000    
   0.0000000    
   0.0000000    
   0.0000000    
   0.0000000    
   0.0000000    
   0.0000000    
   0.0000000    
   0.0000000    
   0.0000000    
   0.0000000    
   0.0000000    
   0.0000000    
   0.0000000    
   0.0000000    
   0.0000000    
   0.0000000    
   0.0000000    
   0.0000000    
   0.0000000    
   0.0000000    
   0.0000000    
   0.0000000    
   0.0000000    
   0.0000000    
   0.0000000    
   0.0000000    
   0.0000000    
   0.0000000    
   0.0000000    
   0.0000000    
   0.0000000    
   0.0000000    
   0.0000000    
   0.0000000    
   0.0000000    
   0.0000000    
   0.0000000    
   0.0000000    
   0.0000000    
   0.0000000    
   0.0000000    
   0.0000000    
   0.0000000    
   0.0000000    
   0.0000000    
   0.0000000    
   0.0000000    
   0.0000000    
   0.0000000    
   0.0000000    
   0.0000000    
   0.0000000    
   0.0000000    
   0.0000000    
   0.0000000    
   0.0000000    
   0.0000000    
   0.0000000    
   0.0000000    
   0.0000000    
   0.0000000    
   0.0000000    
   0.0000000    
   0.0000000    
   0.0000000    
   0.0000000    
   0.0000000    
   0.0000000    
   0.0000000    
   0.0000000    
   0.0000000    
   0.0000000    
   0.0000000    
   0.0000000    
   0.0000000    
   0.0000000    
   0.0000000    
   0.0000000    
   0.0000000    
   0.0000000    
   0.0000000    
   0.0000000    
   0.0000000    
   0.0000000    
   0.0000000    
   0.0000000    
   0.0000000    
   0.0000000    
   0.0000000    
   0.0000000    
   0.0000000    
   0.0000000    
   0.0000000    
   0.0000000    
   0.0000000    
   0.0000000    
   0.0000000    
   0.0000000    
   0.0000000    
   0.0000000    
   0.0000000    
   0.0000000    
   0.0000000    
   0.0000000    
   0.0000000    
   0.0000000    
   0.0000000    
   0.0000000    
   0.0000000    
   0.0000000    
   0.0000000    
   0.0000000    
   0.0000000    
   0.0000000    
   0.0000000    
   0.0000000    
   0.0000000    
   0.0000000    
   0.0000000    
   0.0000000    
   0.0000000    
   0.0000000    
   0.0000000    
   0.0000000    
   0.0000000    
   0.0000000    
   0.0000000    
   0.0000000    
   0.0000000    
   0.0000000    
   0.0000000    
   0.0000000    
   0.0000000    
   0.0000000    
   0.0000000    
   0.0000000    
   0.0000000    
   0.0000000    
   0.0000000    
   0.0000000    
   0.0000000    
   0.0000000    
   0.0000000    
   0.0000000    
   0.0000000    
   0.0000000    
   0.0000000    
   0.0000000    
   0.0000000    
   0.0000000    
   0.0000000    
   0.0000000    
   0.0000000    
   0.0000000    
   0.0000000    
   0.0000000    
   0.0000000    
   0.0000000    
   0.0000000    
   0.0000000    
   0.0000000    
   0.0000000    
   0.0000000    
   0.0000000    
   0.0000000    
   0.0000000    
   0.0000000    
   0.0000000    
   0.0000000    
   0.0000000    
   0.0000000    
   0.0000000    
   0.0000000    
   0.0000000    
   0.0000000    
   0.0000000    
   0.0000000    
   0.0000000    
   0.0000000    
   0.0000000    
   0.0000000    
   0.0000000    
   0.0000000    
   0.0000000    
   0.0000000    
   0.0000000    
   0.0000000    
   0.0000000    
   0.0000000    
   0.0000000    
   0.0000000    
   0.0000000    
   0.0000000    
   0.0000000    
   0.0000000    
   0.0000000    
   0.0000000    
   0.0000000    
   0.0000000    
   0.0000000    
   0.0000000    
   0.0000000    
   0.0000000    
   0.0000000    
   0.0000000    
   0.0000000    
   0.0000000    
   0.0000000    
   0.0000000    
   0.0000000    
   0.0000000    
   0.0000000    
   0.0000000    
   0.0000000    
   0.0000000    
   0.0000000    
   0.0000000    
   0.0000000    
   0.0000000    
   0.0000000    
   0.0000000    
   0.0000000    
   0.0000000    
   0.0000000    
   0.0000000    
   0.0000000    
   0.0000000    
   0.0000000    
   0.0000000    
   0.0000000    
   0.0000000    
   0.0000000    
   0.0000000    
   0.0000000    
   0.0000000    
   0.0000000    
   0.0000000    
   0.0000000    
   0.0000000    
   0.0000000    
   0.0000000    
   0.0000000    
   0.0000000    
   0.0000000    
   0.0000000    
   0.0000000    
   0.0000000    
   0.0000000    
   0.0000000    
   0.0000000    
   0.0000000    
   0.0000000    
   0.0000000    
   0.0000000    
   0.0000000    
   0.0000000    
   0.0000000    
   0.0000000    
   0.0000000    
   0.0000000    
   0.0000000    
   0.0000000    
   0.0000000    
   0.0000000    
   0.0000000    
   0.0000000    
   0.0000000    
   0.0000000    
   0.0000000    
   0.0000000    
   0.0000000    
   0.0000000    
   0.0000000    
   0.0000000    
   0.0000000    
   0.0000000    
   0.0000000    
   0.0000000    
   0.0000000    
   0.0000000    
   0.0000000    
   0.0000000    
   0.0000000    
   0.0000000    
   0.0000000    
   0.0000000    
   0.0000000    
   0.0000000    
   0.0000000    
   0.0000000    
   0.0000000    
   0.0000000    
   0.0000000    
   0.0000000    
   0.0000000    
   0.0000000    
   0.0000000    
   0.0000000    
   0.0000000    
   0.0000000    
   0.0000000    
   0.0000000    
   0.0000000    
   0.0000000    
   0.0000000    
   0.0000000    
   0.0000000    
   0.0000000    
   0.0000000    
   0.0000000    
   0.0000000    
   0.0000000    
   0.0000000    
   0.0000000    
   0.0000000    
   0.0000000    
   0.0000000    
   0.0000000    
   0.0000000    
   0.0000000    
   0.0000000    
   0.0000000    
   0.0000000    
   0.0000000    
   0.0000000    
   0.0000000    
   0.0000000    
   0.0000000    
   0.0000000    
   0.0000000    
   0.0000000    
   0.0000000    
   0.0000000    
   0.0000000    
   0.0000000    
   0.0000000    
   0.0000000    
   0.0000000    
   0.0000000    
   0.0000000    
   0.0000000    
   0.0000000    
   0.0000000    
   0.0000000    
   0.0000000    
   0.0000000    
   0.0000000    
   0.0000000    
   0.0000000    
   0.0000000    
   0.0000000    
   0.0000000    
   0.0000000    
   0.0000000    
   0.0000000    
   0.0000000    
   0.0000000    
   0.0000000    
   0.0000000    
   0.0000000    
   0.0000000    
   0.0000000    
   0.0000000    
   0.0000000    
   0.0000000    
   0.0000000    
   0.0000000    
   0.0000000    
   0.0000000    
   0.0000000    
   0.0000000    
   0.0000000    
   0.0000000    
   0.0000000    
   0.0000000    
   0.0000000    
   0.0000000    
   0.0000000    
   0.0000000    
   0.0000000    
   0.0000000    
   0.0000000    
   0.0000000    
   0.0000000    
   0.0000000    
   0.0000000    
   0.0000000    
   0.0000000    
   0.0000000    
   0.0000000    
   0.0000000    
   0.0000000    
   0.0000000    
   0.0000000    
   0.0000000    
   0.0000000    
   0.0000000    
   0.0000000    
   0.0000000    
   0.0000000    
   0.0000000    
   0.0000000    
   0.0000000    
   0.0000000    
   0.0000000    
   0.0000000    
   0.0000000    
   0.0000000    
   0.0000000    
   0.0000000    
   0.0000000    
   0.0000000    
   0.0000000    
   0.0000000    
   0.0000000    
   0.0000000    
   0.0000000    
   0.0000000    
   0.0000000    
   0.0000000    
   0.0000000    
   0.0000000    
   0.0000000    
   0.0000000    
   0.0000000    
   0.0000000    
   0.0000000    
   0.0000000    
   0.0000000    
   0.0000000    
   0.0000000    
   0.0000000    
   0.0000000    
   0.0000000    
   0.0000000    
   0.0000000    
   0.0000000    
   0.0000000    
   0.0000000    
   0.0000000    
   0.0000000    
   0.0000000    
   0.0000000    
   0.0000000    
   0.0000000    
   0.0000000    
   0.0000000    
   0.0000000    
   0.0000000    
   0.0000000    
   0.0000000    
   0.0000000    
   0.0000000    
   0.0000000    
   0.0000000    
   0.0000000    
   0.0000000    
   0.0000000    
   0.0000000    
   0.0000000    
   0.0000000    
   0.0000000    
   0.0000000    
   0.0000000    
   0.0000000    
   0.0000000    
   0.0000000    
   0.0000000    
   0.0000000    
   0.0000000    
   0.0000000    
   0.0000000    
   0.0000000    
   0.0000000    
   0.0000000    
   0.0000000    
   0.0000000    
   0.0000000    
   0.0000000    
   0.0000000    
   0.0000000    
   0.0000000    
   0.0000000    
   0.0000000    
   0.0000000    
   0.0000000    
   0.0000000    
   0.0000000    
   0.0000000    
   0.0000000    
   0.0000000    
   0.0000000    
   0.0000000    
   0.0000000    
   0.0000000    
   0.0000000    
   0.0000000    
   0.0000000    
   0.0000000    
   0.0000000    
   0.0000000    
   0.0000000    
   0.0000000    
   0.0000000    
   0.0000000    
   0.0000000    
   0.0000000    
   0.0000000    
   0.0000000    
   0.0000000    
   0.0000000    
   0.0000000    
   0.0000000    
   0.0000000    
   0.0000000    
   0.0000000    
   0.0000000    
   0.0000000    
   0.0000000    
   0.0000000    
   0.0000000    
   0.0000000    
   0.0000000    
   0.0000000    
   0.0000000    
   0.0000000    
   0.0000000    
   0.0000000    
   0.0000000    
   0.0000000    
   0.0000000    
   0.0000000    
   0.0000000    
   0.0000000    
   0.0000000    
   0.0000000    
   0.0000000    
   0.0000000    
   0.0000000    
   0.0000000    
   0.0000000    
   0.0000000    
   0.0000000    
   0.0000000    
   0.0000000    
   0.0000000    
   0.0000000    
   0.0000000    
   0.0000000    
   0.0000000    
   0.0000000    
   0.0000000    
   0.0000000    
   0.0000000    
   0.0000000    
   0.0000000    
   0.0000000    
   0.0000000    
   0.0000000    
   0.0000000    
   0.0000000    
   0.0000000    
   0.0000000    
   0.0000000    
   0.0000000    
   0.0000000    
   0.0000000    
   0.0000000    
   0.0000000    
   0.0000000    
   0.0000000    
   0.0000000    
   0.0000000    
   0.0000000    
   0.0000000    
   0.0000000    
   0.0000000    
   0.0000000    
   0.0000000    
   0.0000000    
   0.0000000    
   0.0000000    
   0.0000000    
   0.0000000    
   0.0000000    
   0.0000000    
   0.0000000    
   0.0000000    
   0.0000000    
   0.0000000    
   0.0000000    
   0.0000000    
   0.0000000    
   0.0000000    
   0.0000000    
   0.0000000    
   0.0000000    
   0.0000000    
   0.0000000    
   0.0000000    
   0.0000000    
   0.0000000    
   0.0000000    
   0.0000000    
   0.0000000    
   0.0000000    
   0.0000000    
   0.0000000    
   0.0000000    
   0.0000000    
   0.0000000    
   0.0000000    
   0.0000000    
   0.0000000    
   0.0000000    
   0.0000000    
   0.0000000    
   0.0000000    
   0.0000000    
   0.0000000    
   0.0000000    
   0.0000000    
   0.0000000    
   0.0000000    
   0.0000000    
   0.0000000    
   0.0000000    
   0.0000000    
   0.0000000    
   0.0000000    
   0.0000000    
   0.0000000    
   0.0000000    
   0.0000000    
   0.0000000    
   0.0000000    
   0.0000000    
   0.0000000    
   0.0000000    
  0.16100000    
   5.0000000    
   2.0000000    
  1.00000000    
  1.00000000    
   1.2400000    
  2.74058594E-03
  0.49899006    
   90.259750    
   89.867104    
   838.92053    
   1194.3125    
   295.03247    
   294.83929    
  0.76401258    
 -5.18747745E-03
  1.46465283E-03
 -1.32641289E-03
 -0.12757882    
 -0.12849487    
 -0.42500734    
 -0.56140125    
 -7.84990960E-04
  2.57723499E-04
  5.83535759E-03
  5.12888003E-03
